0 -7008.747154917
1 -7008.7760381821
2 -7008.7977433248
3 -7008.8136235503
4 -7008.8249079179
5 -7008.8327049618
6 -7008.8379813545
7 -7008.8415307283
8 -7008.8439525198
9 -7008.845659556
10 -7008.8469133629
11 -7008.8478696655
12 -7008.8486197971
16 -7008.8504481717
17 -7008.8501277814
18 -7008.8499254524
19 -7008.8498066804
20 -7008.8497483231
21 -7008.8497299472
22 -7008.8497391743
23 -7008.8497660556
24 -7008.8498039108
25 -7008.8498476103
26 -7008.849894362
27 -7008.8499418946
28 -7008.8499888173
29 -7008.8500343841
30 -7008.8500776453
31 -7008.8501187115
32 -7008.8501573031
33 -7008.8501933888
34 -7008.8502270802
35 -7008.7805022553
36 -7008.811223779
37 -7008.8343513895
38 -7008.8513222111
39 -7008.8634197881
40 -7008.8717955087
41 -7008.8774582423
42 -7008.8812465954
43 -7008.883804671
44 -7008.8855832945
45 -7008.886871517
46 -7008.8878430387
47 -7008.8885981002
50 -7008.8909376637
51 -7008.8904254269
52 -7008.8900845844
53 -7008.8898685078
54 -7008.8897415024
55 -7008.8896768512
56 -7008.8896555935
57 -7008.8896633268
58 -7008.8896898288
59 -7008.889727887
60 -7008.8897725075
61 -7008.8898203011
62 -7008.8898690133
63 -7008.8899171767
64 -7008.8899638606
65 -7008.8900084998
66 -7008.8900507743
67 -7008.8900905312
68 -7008.8901277312
69 -7008.8901624111
70 -7008.7977190735
71 -7008.8302950757
72 -7008.8548509453
73 -7008.8729305574
74 -7008.8858799252
75 -7008.8948924663
76 -7008.9010120308
77 -7008.9051131643
78 -7008.9078760896
79 -7008.909785017
80 -7008.9111545755
81 -7008.9121768074
82 -7008.9129641571
85 -7008.9154027342
86 -7008.9148668049
87 -7008.9145093069
88 -7008.9142811838
89 -7008.9141460967
90 -7008.9140765444
91 -7008.914052183
92 -7008.9140584102
93 -7008.914084205
94 -7008.9141221726
95 -7008.9141670914
96 -7008.9142154206
97 -7008.9142648061
98 -7008.9143137203
99 -7008.9143611958
100 -7008.9144066441
101 -7008.914449731
102 -7008.9144902921
103 -7008.9145282796
104 -7008.9145637231
105 -7008.8029978064
106 -7008.8374705266
107 -7008.8634520371
108 -7008.8826333631
109 -7008.8964464287
110 -7008.9061330348
111 -7008.9127680912
112 -7008.9172516488
113 -7008.9202898892
114 -7008.9223919372
115 -7008.9238954005
116 -7008.9250098765
117 -7008.9258609794
120 -7008.9285020929
121 -7008.9279469571
122 -7008.9275750756
123 -7008.9273367656
124 -7008.9271944268
125 -7008.927119939
126 -7008.9270922413
127 -7008.9270961971
128 -7008.92712062
129 -7008.9271577529
130 -7008.9272021929
131 -7008.9272502778
132 -7008.9272995774
133 -7008.9273485173
134 -7008.9273961016
135 -7008.9274417228
136 -7008.9274850338
137 -7008.9275258592
138 -7008.9275641406
139 -7008.9275998971
140 -7008.7996954445
141 -7008.8361909355
142 -7008.8636442077
143 -7008.8839353373
144 -7008.8986152635
145 -7008.9089925271
146 -7008.916176351
147 -7008.9210873164
148 -7008.9244494433
149 -7008.9267907349
150 -7008.9284676219
151 -7008.9297066643
152 -7008.9306470916
155 -7008.9336037492
156 -7008.9330302055
157 -7008.9326441752
158 -7008.9323951102
159 -7008.9322447427
160 -7008.9321642628
161 -7008.9321322082
162 -7008.9321328493
163 -7008.9321547962
164 -7008.9321900163
165 -7008.9322329421
166 -7008.9322798014
167 -7008.9323280938
168 -7008.9323762001
169 -7008.9324230949
170 -7008.932468152
171 -7008.9325110082
172 -7008.9325514739
173 -7008.9325894773
174 -7008.9326250238
175 -7008.7903106032
176 -7008.8290226428
177 -7008.8580514145
178 -7008.8794967475
179 -7008.8950583609
180 -7008.90613328
181 -7008.9138760953
182 -7008.9192302924
183 -7008.9229358755
184 -7008.9255368849
185 -7008.9274065275
186 -7008.9287871369
210 -7008.77657476
211 -7008.8177246652
212 -7008.8484627386
213 -7008.8711309081
214 -7008.8876013689
215 -7008.8993811363
216 -7008.9076836819
217 -7008.9134820128
218 -7008.9175341739
245 -7008.7509764503
246 -7008.7789465841
247 -7008.7998124225
248 -7008.8150062326
249 -7008.8257731104
250 -7008.8332089684
251 -7008.8382538818
252 -7008.8416699534
253 -7008.8440234916
254 -7008.8457000208
255 -7008.8469427933
256 -7008.8478961862
257 -7008.8486448037
262 -7008.8500660795
263 -7008.8498897463
264 -7008.8497868755
265 -7008.8497379497
266 -7008.8497262565
267 -7008.8497396983
268 -7008.8497698491
269 -7008.8498090474
270 -7008.8498536947
271 -7008.8499011921
272 -7008.8499490617
273 -7008.8499959749
274 -7008.8500409218
275 -7008.8500842932
276 -7008.8501253326
277 -7008.850163553
278 -7008.8501989655
279 -7008.8502325924
280 -7008.7847748324
281 -7008.8144689452
282 -7008.8366554812
283 -7008.8528583445
284 -7008.8643756047
285 -7008.8723435575
286 -7008.8777429224
287 -7008.8813781869
288 -7008.8838576597
289 -7008.885602593
290 -7008.8868796404
291 -7008.887849659
292 -7008.8886060228
295 -7008.8908401675
296 -7008.8904100264
297 -7008.8900164652
298 -7008.8898312954
299 -7008.889720843
300 -7008.8896668751
301 -7008.889652813
302 -7008.8896650425
303 -7008.8896945433
304 -7008.8897343284
305 -7008.8897798333
306 -7008.8898280643
307 -7008.8898771266
308 -7008.8899251646
309 -7008.8899714684
310 -7008.8900159204
311 -7008.8900579782
312 -7008.8900973643
313 -7008.8901340159
314 -7008.890168404
315 -7008.8023919677
316 -7008.8338281325
317 -7008.8573504394
318 -7008.8745908883
319 -7008.8869068675
320 -7008.8954728332
321 -7008.9013020545
322 -7008.9052328537
323 -7008.9079084523
324 -7008.9097800649
325 -7008.9111386216
326 -7008.9121613946
327 -7008.9129520112
330 -7008.9153103845
331 -7008.9148599804
332 -7008.9144319579
333 -7008.914241504
334 -7008.9141250719
335 -7008.9140671876
336 -7008.9140502195
337 -7008.9140611316
338 -7008.9140897955
339 -7008.914129688
340 -7008.914175602
341 -7008.914224198
342 -7008.9142737593
343 -7008.9143226949
344 -7008.9143697072
345 -7008.9144148228
346 -7008.9144575567
347 -7008.9144977712
348 -7008.9145352779
349 -7008.9145702885
350 -7008.8079950801
351 -7008.8412074175
352 -7008.8660695785
353 -7008.8843555913
354 -7008.8974990079
355 -7008.90671514
356 -7008.9130440533
357 -7008.9173476552
358 -7008.9202935883
359 -7008.9223570884
360 -7008.9238505455
361 -7008.9249676691
362 -7008.9258249277
365 -7008.9284188816
366 -7008.9279439337
367 -7008.9274826226
368 -7008.9272938996
369 -7008.9271728074
370 -7008.9271108116
371 -7008.9270910356
372 -7008.9270998759
373 -7008.9271273994
374 -7008.9271662619
375 -7008.9272116339
376 -7008.9272601354
377 -7008.9273094995
378 -7008.9273582661
379 -7008.9274055397
380 -7008.9274507664
381 -7008.9274936116
382 -7008.9275339897
383 -7008.927571766
384 -7008.9276070416
385 -7008.804978157
386 -7008.8400682804
387 -7008.8663083674
388 -7008.8856537978
389 -7008.8996409557
390 -7008.9095383192
391 -7008.9164127385
392 -7008.9211430924
393 -7008.9244137152
394 -7008.9267184706
395 -7008.9283883576
396 -7008.9296333889
397 -7008.9305832799
400 -7008.933531107
401 -7008.9330283252
402 -7008.9325215588
403 -7008.9323461778
404 -7008.932221748
405 -7008.9321552486
406 -7008.9321316317
407 -7008.9321374237
408 -7008.9321624752
409 -7008.932199465
410 -7008.9322433068
411 -7008.9322905225
412 -7008.9323388159
413 -7008.9323867044
414 -7008.9324332375
415 -7008.932477852
416 -7008.9325202331
417 -7008.9325601839
418 -7008.932597667
419 -7008.9326327029
420 -7008.795908255
421 -7008.8330383503
422 -7008.8607382476
423 -7008.8811782345
424 -7008.8960248429
425 -7008.9066165398
426 -7008.9140536733
427 -7008.9192325405
428 -7008.9228518047
429 -7008.925421237
430 -7008.9272886714
455 -7008.7825674372
456 -7008.8219263924
457 -7008.8511909984
458 -7008.8727749924
459 -7008.8884995321
460 -7008.8997908956
461 -7008.907792811
462 -7008.9134234582
463 -7008.9173966972
490 -7008.7611497377
491 -7008.7864669209
492 -7008.8050645658
493 -7008.8184630484
494 -7008.8279027234
495 -7008.8344293835
496 -7008.8389060158
497 -7008.8420023306
498 -7008.8441968371
499 -7008.8458051093
500 -7008.8470230112
501 -7008.847968139
502 -7008.8529453992
505 -7008.8506070923
506 -7008.850070007
507 -7008.8499196641
508 -7008.8498010809
509 -7008.8497366814
510 -7008.8497136851
511 -7008.8497195743
512 -7008.8497449265
513 -7008.8497816927
514 -7008.8498259188
515 -7008.8498730409
516 -7008.8499218747
517 -7008.8499697763
518 -7008.850016685
519 -7008.8500613236
520 -7008.8501039306
521 -7008.8501438747
522 -7008.8501808712
523 -7008.8502158942
524 -7008.8502480105
525 -7008.7961975391
526 -7008.8228870031
527 -7008.8425253227
528 -7008.8567141257
529 -7008.8667378723
530 -7008.8736748996
531 -7008.878422927
532 -7008.8816886713
533 -7008.8839844135
534 -7008.8856520809
535 -7008.8869049854
536 -7008.8878716466
537 -7008.8886285672
539 -7008.8911438347
540 -7008.8906224869
541 -7008.8900022742
542 -7008.8898599552
543 -7008.8897385211
544 -7008.8896700263
545 -7008.8896441332
546 -7008.8896485257
547 -7008.8896727033
548 -7008.8897098724
549 -7008.889754166
550 -7008.8898024887
551 -7008.889851831
552 -7008.8899009075
553 -7008.8899486816
554 -7008.8899945627
555 -7008.8900380986
556 -7008.8900789575
557 -7008.8901169603
558 -7008.8901527887
559 -7008.8901858818
560 -7008.814971639
561 -7008.843052622
562 -7008.863762066
563 -7008.8787914729
564 -7008.8894674946
565 -7008.89689611
566 -7008.902001004
567 -7008.9055173439
568 -7008.907985394
569 -7008.9097707673
570 -7008.9111046394
571 -7008.9121274183
572 -7008.912923831
574 -7008.9156528973
575 -7008.9151080594
576 -7008.9149270764
577 -7008.9142650945
578 -7008.9141454099
579 -7008.9140745756
580 -7008.9140460808
581 -7008.914048477
582 -7008.9140719202
583 -7008.9141083621
584 -7008.9141527902
585 -7008.9142010898
586 -7008.9142509371
587 -7008.914300519
588 -7008.9143487147
589 -7008.9143952656
590 -7008.914439118
591 -7008.9144806891
592 -7008.9145196749
593 -7008.9145557855
594 -7008.9145896605
595 -7008.8215309834
596 -7008.851031807
597 -7008.8728441781
598 -7008.8887634218
599 -7008.9001624431
600 -7008.9081701342
601 -7008.9137270493
602 -7008.9175863782
603 -7008.9203090005
604 -7008.9222806609
605 -7008.9237500521
606 -7008.9248714767
607 -7008.9257397165
609 -7008.9288068416
610 -7008.9282355734
611 -7008.9279880082
612 -7008.927303539
613 -7008.9271936159
614 -7008.9271222879
615 -7008.9270917474
616 -7008.9270920969
617 -7008.927113662
618 -7008.9271489004
619 -7008.9271923144
620 -7008.9272400065
621 -7008.9272894119
622 -7008.927338671
623 -7008.9273868524
624 -7008.9274330915
625 -7008.927477093
626 -7008.9275186652
627 -7008.9275576458
628 -7008.9275939961
629 -7008.9276279394
630 -7008.819293149
631 -7008.8502819565
632 -7008.8732452763
633 -7008.8901039793
634 -7008.9022868166
635 -7008.9109451864
636 -7008.9170307102
637 -7008.9213073101
638 -7008.9243506244
639 -7008.9265641014
640 -7008.9282138831
641 -7008.9294693315
642 -7008.9304371006
660 -7008.932505942
661 -7008.932546853
662 -7008.9325853097
663 -7008.9326212895
664 -7008.9326548188
665 -7008.8109943872
666 -7008.8435683108
667 -7008.8677384696
668 -7008.8855749493
669 -7008.8985757794
671 -7008.9145707624
672 -7008.9193003532
673 -7008.9226973786
674 -7008.9251816529
675 -7008.9270363451
700 -7008.7985854838
701 -7008.832841063
709 -7008.863759605
710 -7008.8588934766
711 -7008.8533934269
712 -7008.899372328
713 -7008.9071771022
714 -7008.9066434899
715 -7008.9062851484
716 -7008.9060382357
717 -7008.9058634026
718 -7008.9057359454
719 -7008.9056400337
720 -7008.9055652161
721 -7008.9055045268
722 -7008.9054532251
723 -7008.9054081352
724 -7008.9053671064
725 -7008.9053289281
726 -7008.9052928324
727 -7008.9052585023
728 -7008.9052258394
729 -7008.9051948562
730 -7008.9051656777
731 -7008.905138358
732 -7008.9051129342
733 -7008.9050894548
734 -7008.9050678353
735 -7008.7739074856
736 -7008.7954791891
737 -7008.8111181164
738 -7008.8222843453
739 -7008.8301451215
740 -7008.8356449167
741 -7008.8395193687
742 -7008.8423027573
743 -7008.8443558939
744 -7008.8459110229
745 -7008.8471119091
746 -7008.8480491791
749 -7008.8506839301
750 -7008.8504860466
751 -7008.8498224517
752 -7008.8497447284
753 -7008.8496963124
754 -7008.8496809816
755 -7008.8496918209
756 -7008.8497198706
757 -7008.8497598954
758 -7008.8498063362
759 -7008.8498558495
760 -7008.8499059652
761 -7008.8499560141
762 -7008.850004421
763 -7008.8500504511
764 -7008.8500942801
765 -7008.8501350483
766 -7008.8501737139
767 -7008.8502092193
768 -7008.8502423451
769 -7008.8502729915
770 -7008.8105586982
771 -7008.833007363
772 -7008.8493204296
773 -7008.8609994074
774 -7008.8692355366
775 -7008.8749975729
776 -7008.8790476291
777 -7008.8819466654
778 -7008.8840771182
779 -7008.8856846861
780 -7008.8869232813
781 -7008.8878878367
783 -7008.8912428892
784 -7008.8907276479
785 -7008.8904975339
786 -7008.8897486572
787 -7008.8896797837
788 -7008.88963195
789 -7008.8896157939
790 -7008.889625396
791 -7008.889652924
792 -7008.8896924669
793 -7008.889738941
794 -7008.8897891725
795 -7008.8898401369
796 -7008.8898906849
797 -7008.8899397212
798 -7008.889986591
799 -7008.8900309907
800 -7008.89007289
801 -7008.890111939
802 -7008.890148541
803 -7008.8901823382
804 -7008.8902136589
805 -7008.8309086763
806 -7008.8542293813
807 -7008.8712530524
808 -7008.8835108193
809 -7008.8922086261
810 -7008.8983275124
811 -7008.9026460714
812 -7008.9057436533
813 -7008.9080201588
814 -7008.9097358554
815 -7008.9110547083
816 -7008.912079437
817 -7008.9166339708
818 -7008.9157971265
819 -7008.9152485879
820 -7008.9149752714
821 -7008.9141324944
822 -7008.914081902
823 -7008.9140385107
824 -7008.9140222315
825 -7008.9140308515
826 -7008.9140576302
827 -7008.9140963625
828 -7008.9141425167
829 -7008.9141923093
830 -7008.9142432018
831 -7008.9142940069
832 -7008.9143433015
833 -7008.9143904857
834 -7008.9144353409
835 -7008.9144774543
836 -7008.9145169238
837 -7008.9145537631
838 -7008.9145878855
839 -7008.9146195968
840 -7008.8388717373
841 -7008.8630710985
842 -7008.8808667749
843 -7008.8938005298
844 -7008.9030780076
845 -7008.9096787506
846 -7008.9143846481
847 -7008.9177847994
848 -7008.9202933395
849 -7008.9221853074
850 -7008.9236376709
851 -7008.9247635653
853 -7008.9290080632
854 -7008.9284188318
855 -7008.9280925364
856 -7008.9271365669
857 -7008.9271197364
858 -7008.9270870834
859 -7008.9270726364
860 -7008.9270802648
861 -7008.9271054927
862 -7008.9271427673
863 -7008.9271874624
864 -7008.9272361064
865 -7008.9272862585
866 -7008.9273363022
867 -7008.9273850661
868 -7008.9274318178
869 -7008.9274763533
870 -7008.9275182757
871 -7008.9275575881
872 -7008.927594246
873 -7008.9276284125
874 -7008.9276600885
875 -7008.837763661
876 -7008.862890055
877 -7008.8815604316
878 -7008.8952938095
879 -7008.9052793659
880 -7008.9124836847
881 -7008.9176845956
882 -7008.9214776662
883 -7008.9242911353
884 -7008.9264168335
885 -7008.9280475689
886 -7008.9293098719
910 -7008.8304226574
911 -7008.8565399229
912 -7008.8761869731
922 -7008.9100937389
923 -7008.9092233231
924 -7008.9086338977
925 -7008.9042303295
926 -7008.9040034904
927 -7008.9039342735
928 -7008.9024926158
929 -7008.9025331249
930 -7008.9025726778
931 -7008.9026163154
932 -7008.9026641311
933 -7008.9027146423
934 -7008.9027660648
935 -7008.9028170588
936 -7008.9028666444
937 -7008.9029140773
938 -7008.902959109
939 -7008.9030015124
940 -7008.9030412474
941 -7008.9066856578
942 -7008.9067102427
943 -7008.906732245
944 -7008.906752115
945 -7008.8190438909
952 -7008.8850852791
953 -7008.8874684309
956 -7008.8982931231
957 -7008.908044524
958 -7008.9071840979
959 -7008.9065991838
960 -7008.9061996826
961 -7008.9059260035
962 -7008.9057382134
963 -7008.9056091822
964 -7008.9055199295
965 -7008.9054570889
966 -7008.9054110497
967 -7008.9053749382
968 -7008.9053441134
969 -7008.9053157105
970 -7008.9052881682
971 -7008.9052608159
972 -7008.9052335962
973 -7008.9052066859
974 -7008.9044654607
975 -7008.9044963555
976 -7008.9045228033
977 -7008.9045457627
978 -7008.9045659514
979 -7008.9045839374
980 -7008.7848038726
981 -7008.8026237435
982 -7008.8154980871
983 -7008.8247333557
984 -7008.8313564647
985 -7008.8361506567
986 -7008.839680057
987 -7008.8423290377
988 -7008.8443508545
989 -7008.8459111253
990 -7008.8471198852
992 -7008.8510126169
993 -7008.8506283351
994 -7008.8504774127
995 -7008.8495683968
996 -7008.8495840911
997 -7008.8495912526
998 -7008.8496104633
999 -7008.8496434344
1000 -7008.8496869836
1001 -7008.8497373291
1002 -7008.8497911538
1003 -7008.8498456721
1004 -7008.849900057
1005 -7008.8499529427
1006 -7008.8500029615
1007 -7008.8500508705
1008 -7008.8500956231
1009 -7008.8501373792
1010 -7008.85017633
1011 -7008.8502122733
1012 -7008.8502458797
1013 -7008.8502767626
1014 -7008.8503052545
1015 -7008.8228454281
1016 -7008.8410786089
1017 -7008.8542839131
1018 -7008.8637761932
1019 -7008.8705934342
1020 -7008.8755326766
1021 -7008.8791717557
1022 -7008.88190575
1023 -7008.8839946589
1024 -7008.8856090789
1025 -7008.886861346
1026 -7008.8917861597
1027 -7008.8911161192
1028 -7008.890695265
1029 -7008.8905043462
1030 -7008.8894743211
1031 -7008.8895103705
1032 -7008.8895259913
1033 -7008.8895481203
1034 -7008.8895818957
1035 -7008.889625545
1036 -7008.8896759021
1037 -7008.8897297785
1038 -7008.889784682
1039 -7008.8898393151
1040 -7008.889892347
1041 -7008.8899430779
1042 -7008.8899913177
1043 -7008.8900365813
1044 -7008.8900788242
1045 -7008.8901181906
1046 -7008.8901548657
1047 -7008.8901887514
1048 -7008.8902199618
1049 -7008.8902489321
1050 -7008.8446124737
1051 -7008.8632262003
1052 -7008.8767974995
1053 -7008.8866260523
1054 -7008.8937390637
1055 -7008.8989283867
1056 -7008.9027722636
1057 -7008.905670584
1058 -7008.9078902131
1059 -7008.9096080575
1060 -7008.9109424157
1061 -7008.916440441
1062 -7008.9157148834
1063 -7008.9152469595
1064 -7008.9150048606
1065 -7008.9149770363
1066 -7008.9139015329
1067 -7008.9139311841
1068 -7008.9139580843
1069 -7008.9139930427
1070 -7008.914036509
1071 -7008.9140860905
1072 -7008.9141391961
1073 -7008.9141938028
1074 -7008.9142479004
1075 -7008.9143006885
1076 -7008.9143513204
1077 -7008.9143993116
1078 -7008.9144446574
1079 -7008.9144869651
1080 -7008.9145264992
1081 -7008.9145631529
1082 -7008.9145970347
1083 -7008.914628621
1084 -7008.9146577192
1085 -7008.8539204091
1086 -7008.8728851502
1087 -7008.8869052585
1088 -7008.8972163454
1089 -7008.9047905899
1090 -7008.9103843748
1091 -7008.9145630478
1092 -7008.9177291693
1093 -7008.9201594661
1094 -7008.9220420564
1095 -7008.9235055772
1096 -7008.9297732754
1097 -7008.9289812838
1098 -7008.9284551225
1099 -7008.9281520316
1100 -7008.9280534695
1101 -7008.9269230515
1102 -7008.926975803
1103 -7008.9270112251
1104 -7008.9270480917
1105 -7008.9270909006
1106 -7008.9271390873
1107 -7008.9271906127
1108 -7008.9272435575
1109 -7008.9272963943
1110 -7008.927348035
1111 -7008.9273976452
1112 -7008.9274449607
1113 -7008.9274895216
1114 -7008.9275312894
1115 -7008.9275703266
1116 -7008.9276066493
1117 -7008.9276403568
1118 -7008.9276715454
1119 -7008.927700401
1120 -7008.8539242244
1121 -7008.8732676912
1122 -7008.8879324094
1123 -7008.8989557116
1124 -7008.9071896437
1130 -7008.9100936761
1133 -7008.9066334334
1134 -7008.9061810132
1135 -7008.9059334516
1155 -7008.8473728019
1156 -7008.8672277555
1164 -7008.9002673309
1166 -7008.9104009911
1167 -7008.9093831264
1168 -7008.9086905728
1169 -7008.9082285476
1170 -7008.9079301018
1171 -7008.9077466949
1172 -7008.9076417956
1173 -7008.9075870592
1174 -7008.9075608171
1175 -7008.9075477895
1176 -7008.9075385243
1177 -7008.9061624351
1178 -7008.9062453657
1179 -7008.9063165192
1180 -7008.9063782514
1181 -7008.906432322
1182 -7008.9064800729
1183 -7008.9065225413
1184 -7008.9065605404
1185 -7008.9065947294
1186 -7008.906625638
1187 -7008.9066537094
1188 -7008.906679306
1189 -7008.9067027396
1192 -7008.8639503017
1193 -7008.873391113
1194 -7008.8799742066
1195 -7008.8844588143
1196 -7008.8874934954
1197 -7008.8895789344
1200 -7008.897055009
1201 -7008.9084450663
1202 -7008.9074045328
1203 -7008.9066915461
1204 -7008.906208063
1205 -7008.9058856799
1206 -7008.9056758936
1207 -7008.905543683
1208 -7008.9054630287
1209 -7008.905414551
1210 -7008.905384108
1211 -7008.9053620778
1212 -7008.9053426352
1213 -7008.9053227867
1214 -7008.9041558905
1215 -7008.9042209502
1216 -7008.9042762656
1217 -7008.9043238857
1218 -7008.9043652704
1219 -7008.9044016532
1220 -7008.9044338717
1221 -7008.9044626583
1222 -7008.9044885596
1223 -7008.9045120373
1224 -7008.9045334076
1225 -7008.7911210131
1226 -7008.805928772
1227 -7008.8168362416
1228 -7008.8249362006
1229 -7008.8310238589
1230 -7008.8356537377
1231 -7008.8392067286
1232 -7008.8419469319
1233 -7008.8440621659
1234 -7008.8516111646
1235 -7008.8510291532
1236 -7008.8506526546
1237 -7008.8504498664
1238 -7008.8504066823
1239 -7008.8491519842
1240 -7008.8493017102
1241 -7008.8494044572
1242 -7008.8494881669
1243 -7008.8495646856
1244 -7008.8496377558
1245 -7008.8497081194
1246 -7008.8497757271
1247 -7008.8498400605
1248 -7008.849901102
1249 -7008.8499579732
1250 -7008.8500111444
1251 -7008.850060628
1252 -7008.8501066797
1253 -7008.850149247
1254 -7008.8501882088
1255 -7008.8502244559
1256 -7008.8502577139
1257 -7008.8502882465
1258 -7008.8503163546
1259 -7008.8503426183
1260 -7008.8301506547
1261 -7008.8449605236
1262 -7008.8559068972
1263 -7008.864078376
1264 -7008.8702566095
1265 -7008.8749824554
1266 -7008.878627426
1267 -7008.881451303
1268 -7008.8836404106
1269 -7008.8918567272
1270 -7008.8912059733
1271 -7008.8907759901
1272 -7008.8905277406
1273 -7008.8904393138
1274 -7008.8904890368
1275 -7008.8892166364
1276 -7008.8893349792
1277 -7008.8894266831
1278 -7008.8895068865
1279 -7008.889581701
1280 -7008.8896528214
1281 -7008.8897207958
1282 -7008.8897852154
1283 -7008.8898461117
1284 -7008.889903265
1285 -7008.889956577
1286 -7008.890006073
1287 -7008.8900521729
1288 -7008.8900947254
1289 -7008.8901340051
1290 -7008.8901702783
1291 -7008.8902036246
1292 -7008.8902343176
1293 -7008.890262816
1294 -7008.8902888143
1295 -7008.8530468641
1296 -7008.8677463141
1297 -7008.8787399254
1298 -7008.8870797088
1299 -7008.8934717049
1300 -7008.8984059081
1301 -7008.9022337729
1302 -7008.9052112212
1303 -7008.9075271604
1304 -7008.9093226268
1305 -7008.9159029912
1306 -7008.9154038824
1307 -7008.9150963034
1308 -7008.9149509662
1309 -7008.9149458026
1310 -7008.9135968699
1311 -7008.9137361221
1312 -7008.9138377234
1313 -7008.9139220743
1314 -7008.9139981419
1315 -7008.9140692661
1316 -7008.9141366646
1317 -7008.9142005112
1318 -7008.9142606691
1319 -7008.9143170647
1320 -7008.9143699133
1321 -7008.9144190006
1322 -7008.9144646995
1323 -7008.9145069144
1324 -7008.914545975
1325 -7008.9145819873
1326 -7008.9146153469
1327 -7008.9146459005
1328 -7008.9146741422
1329 -7008.9147002615
1330 -7008.8637383476
1331 -7008.8780766118
1332 -7008.8891542108
1333 -7008.8978910527
1334 -7008.9047129369
1335 -7008.9100190404
1336 -7008.9141481771
1337 -7008.9173647409
1338 -7008.9198699415
1339 -7008.9218162732
1340 -7008.9292902098
1341 -7008.9287070237
1342 -7008.9283269635
1343 -7008.9281139412
1344 -7008.9280433944
1345 -7008.9280848936
1346 -7008.9267757981
1347 -7008.9268916686
1348 -7008.9269812913
1349 -7008.9270583044
1350 -7008.9271285381
1351 -7008.927194294
1352 -7008.9272562547
1353 -7008.9273146622
1354 -7008.9273695578
1355 -7008.9274209655
1356 -7008.9274688872
1357 -7008.9275135336
1358 -7008.927554918
1359 -7008.9275931779
1360 -7008.9276286117
1361 -7008.9276612942
1362 -7008.9276914835
1363 -7008.9277193043
1364 -7008.9277449552
1365 -7008.8657274345
1366 -7008.879229601
1367 -7008.8904681301
1370 -7008.9224523334
1400 -7008.8622291262
1401 -7008.8753703986
1402 -7008.8846474078
1403 -7008.8902826696
1404 -7008.8946435002
1405 -7008.8974367635
1406 -7008.8992436182
1407 -7008.9004537612
1408 -7008.9013050547
1410 -7008.9101378759
1411 -7008.9091563615
1412 -7008.9084980355
1413 -7008.9080771677
1414 -7008.9078278128
1415 -7008.9076958508
1416 -7008.9076360983
1417 -7008.9056552642
1418 -7008.9057671854
1419 -7008.9058676083
1420 -7008.9059590279
1421 -7008.9060427837
1422 -7008.9061196623
1423 -7008.9061901989
1424 -7008.9062548413
1425 -7008.9063140059
1426 -7008.906368107
1427 -7008.9064175423
1428 -7008.9064627049
1429 -7008.9065039674
1430 -7008.9065416861
1431 -7008.9065761952
1432 -7008.9066078045
1433 -7008.9066368013
1434 -7008.9066634455
1435 -7008.8556544087
1436 -7008.8688737626
1437 -7008.8784428817
1438 -7008.8852101639
1439 -7008.8849787676
1440 -7008.8881568811
1441 -7008.8903072605
1442 -7008.8973284294
1445 -7008.9082193992
1446 -7008.9072011762
1447 -7008.9065074993
1448 -7008.9060495927
1449 -7008.9057612394
1450 -7008.905591105
1451 -7008.9054982949
1452 -7008.9054511259
1453 -7008.9054270362
1454 -7008.903678753
1455 -7008.9037852002
1456 -7008.9038782827
1457 -7008.9039605217
1458 -7008.904033684
1459 -7008.9040991231
1460 -7008.9041578416
1461 -7008.9042107302
1462 -7008.9042584812
1463 -7008.9043016467
1464 -7008.9043408002
1465 -7008.9043763916
1466 -7008.9044087848
1467 -7008.9044383527
1468 -7008.9012986924
1469 -7008.9013153627
1470 -7008.7923371711
1471 -7008.8051004022
1472 -7008.8151092042
1473 -7008.8230520112
1474 -7008.8293458299
1475 -7008.8342987586
1476 -7008.8381644146
1477 -7008.8411558305
1479 -7008.8501095688
1480 -7008.8500886446
1481 -7008.8501363557
1482 -7008.8502485962
1483 -7008.8504123363
1484 -7008.8488823403
1485 -7008.8491185259
1486 -7008.84929833
1487 -7008.8494418056
1488 -7008.8495617314
1489 -7008.8496642675
1490 -7008.8497541173
1491 -7008.8498332945
1492 -7008.8499043417
1493 -7008.8499681118
1494 -7008.850025438
1495 -7008.8500773812
1496 -7008.8501247758
1497 -7008.8501677309
1498 -7008.8502068433
1499 -7008.8502426354
1500 -7008.8502754254
1501 -7008.8503054876
1502 -7008.8503330607
1503 -7008.8503583229
1504 -7008.8503815015
1505 -7008.8322413108
1506 -7008.8444204071
1507 -7008.854184679
1508 -7008.8621253343
1509 -7008.8685061971
1510 -7008.8735682829
1511 -7008.8775417435
1512 -7008.8806319099
1514 -7008.8902897808
1515 -7008.8902103083
1516 -7008.890208872
1517 -7008.8902771528
1518 -7008.8904028582
1519 -7008.8905608472
1520 -7008.8890430177
1521 -7008.889235009
1522 -7008.8893856785
1523 -7008.8895092087
1524 -7008.8896138003
1525 -7008.8897045293
1526 -7008.8897842734
1527 -7008.8898552642
1528 -7008.8899187051
1529 -7008.8899759273
1530 -7008.890027852
1531 -7008.8900747689
1532 -7008.8901176266
1533 -7008.8901566602
1534 -7008.8901921952
1535 -7008.890224848
1536 -7008.890254647
1537 -7008.8902820772
1538 -7008.8903071895
1539 -7008.8903302876
1540 -7008.8567814359
1541 -7008.8678529172
1542 -7008.8770900068
1543 -7008.8851763457
1544 -7008.891790661
1545 -7008.8970663421
1546 -7008.9012195991
1547 -7008.9044584911
1549 -7008.914996796
1550 -7008.9148409871
1551 -7008.9147755132
1552 -7008.9147879562
1553 -7008.9148656743
1554 -7008.914988168
1555 -7008.9134398992
1556 -7008.913645469
1557 -7008.9138030842
1558 -7008.9139296414
1559 -7008.9140352434
1560 -7008.9141258221
1561 -7008.914205021
1562 -7008.9142751376
1563 -7008.9143378288
1564 -7008.9143942909
1565 -7008.9144452751
1566 -7008.9144916047
1567 -7008.9145338231
1568 -7008.9145722091
1569 -7008.9146074016
1570 -7008.9146395018
1571 -7008.9146689217
1572 -7008.9146959885
1573 -7008.9147208444
1574 -7008.9147436854
1575 -7008.8704448207
1576 -7008.8805111975
1577 -7008.8875079802
1584 -7008.9283976598
1585 -7008.928149207
1586 -7008.9280060419
1587 -7008.9279512041
1588 -7008.9279708374
1589 -7008.9280478795
1590 -7008.9281571488
1591 -7008.9266997569
1592 -7008.9268648313
1593 -7008.9269938384
1594 -7008.9270993126
1595 -7008.9271884417
1596 -7008.9272657754
1597 -7008.9273339925
1598 -7008.9273947995
1599 -7008.9274495548
1600 -7008.927499049
1601 -7008.9275440654
1602 -7008.9275850166
1603 -7008.9276224324
1604 -7008.9276566512
1605 -7008.9276879628
1606 -7008.9277166969
1607 -7008.927743086
1608 -7008.927767336
1609 -7008.9277897182
1610 -7008.8763288409
1611 -7008.886033658
1612 -7008.8925826792
1613 -7008.8968646843
1614 -7008.8996139052
1615 -7008.901273106
1645 -7008.8765784232
1646 -7008.8861196362
1647 -7008.892665046
1648 -7008.8970338073
1649 -7008.8999021888
1650 -7008.9017892075
1651 -7008.9030562194
1652 -7008.9039300997
1654 -7008.8996003323
1655 -7008.9085379912
1656 -7008.9080684077
1657 -7008.9078176136
1658 -7008.9077108301
1659 -7008.9055133684
1660 -7008.905563299
1661 -7008.9056237271
1662 -7008.9056930424
1663 -7008.9057682008
1664 -7008.9058461065
1665 -7008.9059241677
1666 -7008.906000462
1667 -7008.9060736818
1668 -7008.9061430236
1669 -7008.9062080597
1670 -7008.90626863
1671 -7008.9063247505
1672 -7008.906376555
1673 -7008.9064242549
1674 -7008.9064681005
1675 -7008.9065083664
1676 -7008.9065453325
1677 -7008.9065792757
1678 -7008.9066104631
1679 -7008.9066391464
1680 -7008.873021798
1681 -7008.8824238516
1682 -7008.8889985147
1683 -7008.8934934629
1684 -7008.8965292482
1685 -7008.8985861337
1686 -7008.9000045917
1689 -7008.9073707882
1690 -7008.9065755425
1691 -7008.9060643666
1692 -7008.9057642735
1693 -7008.9056090751
1694 -7008.9055401422
1695 -7008.9033350375
1696 -7008.9034224823
1697 -7008.9035094302
1698 -7008.9035957148
1699 -7008.9036803455
1700 -7008.9037621231
1701 -7008.9038401157
1702 -7008.9039136749
1703 -7008.9039824882
1704 -7008.9040463971
1705 -7008.904105504
1706 -7008.9041599361
1707 -7008.9042099408
1708 -7008.9042558391
1709 -7008.9042978803
1710 -7008.9012006975
1711 -7008.9012262621
1712 -7008.9012489861
1713 -7008.9012693109
1714 -7008.9012876156
1715 -7008.7894507346
1716 -7008.800987579
1717 -7008.8112889382
1718 -7008.8199549368
1719 -7008.8269627543
1720 -7008.8467708613
1722 -7008.8482924427
1723 -7008.8488322456
1724 -7008.8492735738
1725 -7008.8496462405
1726 -7008.8499716922
1727 -7008.8502607444
1728 -7008.8505136725
1729 -7008.8487042589
1730 -7008.8490142333
1731 -7008.8492523682
1732 -7008.8494395565
1733 -7008.8495898192
1734 -7008.8497127456
1735 -7008.8498150695
1736 -7008.8499015774
1737 -7008.849975588
1738 -7008.8500395983
1739 -7008.8500956656
1740 -7008.8501451558
1741 -7008.850189204
1742 -7008.8502286494
1743 -7008.850264078
1744 -7008.8502961482
1745 -7008.8503252621
1746 -7008.8503518802
1747 -7008.8503762226
1748 -7008.8503985775
1749 -7008.8504191561
1750 -7008.831039252
1751 -7008.8405211799
1752 -7008.8502479818
1753 -7008.8589845574
1754 -7008.8661272196
1755 -7008.8717993033
1758 -7008.8889808654
1759 -7008.8893668938
1760 -7008.889695174
1761 -7008.8899841281
1762 -7008.8902440133
1763 -7008.8904759147
1764 -7008.8906750971
1765 -7008.8889473995
1766 -7008.8891952722
1767 -7008.889388467
1768 -7008.8895421783
1769 -7008.8896670806
1770 -7008.8897703209
1771 -7008.8898570882
1772 -7008.8899310252
1773 -7008.8899948946
1774 -7008.8900505058
1775 -7008.8900995161
1776 -7008.8901429725
1777 -7008.890181869
1778 -7008.8902168328
1779 -7008.8902485455
1780 -7008.890277215
1781 -7008.8903034254
1782 -7008.8903274007
1783 -7008.8903493326
1784 -7008.8903696504
1785 -7008.8583996089
1786 -7008.8664168935
1793 -7008.9136538806
1794 -7008.9139677809
1795 -7008.914237651
1796 -7008.9144789699
1797 -7008.9147008417
1798 -7008.9149046651
1799 -7008.9150859111
1800 -7008.9152382658
1801 -7008.9136129535
1802 -7008.913810709
1803 -7008.9139665212
1804 -7008.9140919816
1805 -7008.9141950554
1806 -7008.9155673076
1807 -7008.9143542579
1808 -7008.9144171072
1809 -7008.9144717883
1810 -7008.914519924
1811 -7008.9145625105
1812 -7008.9146006177
1813 -7008.9146348526
1814 -7008.9146658038
1815 -7008.9146938953
1816 -7008.9147195405
1817 -7008.914742968
1818 -7008.9147645131
1819 -7008.9147843534
1820 -7008.8749125533
1821 -7008.8825054602
1822 -7008.8875023983
1823 -7008.8908090845
1824 -7008.893172876
1828 -7008.9270168583
1829 -7008.9272427228
1830 -7008.9274408648
1831 -7008.9276234514
1832 -7008.9277979937
1833 -7008.9279660336
1834 -7008.9281232391
1835 -7008.9282619908
1836 -7008.9283760256
1837 -7008.9268773969
1838 -7008.9270334549
1839 -7008.9271578253
1840 -7008.9272591835
1841 -7008.9273433354
1842 -7008.9274144674
1843 -7008.9274754663
1844 -7008.9275284646
1845 -7008.9275750278
1846 -7008.9276162725
1847 -7008.9276531346
1848 -7008.9276862379
1849 -7008.9277161863
1850 -7008.9277433621
1851 -7008.9277681542
1852 -7008.9277908526
1853 -7008.9278117118
1854 -7008.927830981
1855 -7008.883121749
1856 -7008.8905448284
1857 -7008.8954337787
1858 -7008.8986026207
1859 -7008.9006683557
1860 -7008.9020583691
1861 -7008.903039442
1862 -7008.9037634896
1890 -7008.8852022696
1891 -7008.8924637349
1892 -7008.897314245
1893 -7008.9005014658
1894 -7008.9025905881
1895 -7008.903976629
1896 -7008.9049102469
1897 -7008.9055273089
1899 -7008.9075486792
1900 -7008.9057589809
1901 -7008.9056286506
1902 -7008.9055426072
1903 -7008.9055053278
1904 -7008.905509103
1905 -7008.9055437224
1906 -7008.9055996645
1907 -7008.9056690831
1908 -7008.9057459379
1909 -7008.9058258122
1910 -7008.9059056324
1911 -7008.9059833609
1912 -7008.9060577195
1913 -7008.9061279817
1914 -7008.9061937902
1915 -7008.9062550429
1916 -7008.9063117974
1917 -7008.9063642129
1918 -7008.9064125199
1919 -7008.9064569747
1920 -7008.9064978534
1921 -7008.9065354342
1922 -7008.9065699907
1923 -7008.9066017822
1924 -7008.9066310517
1925 -7008.8831199016
1926 -7008.8901657032
1927 -7008.8949350689
1928 -7008.8981135195
1929 -7008.9002193549
1930 -7008.9016175187
1931 -7008.9025428528
1934 -7008.9055600677
1935 -7008.9054101392
1936 -7008.9033599035
1937 -7008.9033136501
1938 -7008.9033014773
1939 -7008.9033209432
1940 -7008.9033652745
1941 -7008.9034271059
1942 -7008.9034999077
1943 -7008.9035785014
1944 -7008.90365901
1945 -7008.9037387243
1946 -7008.9038158687
1947 -7008.9038893107
1948 -7008.9039584512
1949 -7008.9040230021
1950 -7008.9040829444
1951 -7008.9041383489
1952 -7008.901075586
1953 -7008.9011122396
1954 -7008.9011449483
1955 -7008.9011742732
1956 -7008.9012006609
1957 -7008.9012245313
1958 -7008.9012461944
1959 -7008.9012659486
1960 -7008.7846480853
1961 -7008.7951463576
1962 -7008.8068702789
1963 -7008.8389578365
1966 -7008.8457797635
1967 -7008.8471111021
1968 -7008.8481344573
1969 -7008.8489244891
1970 -7008.8495382272
1971 -7008.8500173051
1972 -7008.8503904397
1973 -7008.8506776419
1974 -7008.8508935878
1975 -7008.848958219
1976 -7008.8492394016
1977 -7008.8494578498
1978 -7008.8496296772
1979 -7008.8497667233
1980 -7008.8498774251
1981 -7008.8499680688
1982 -7008.8500433688
1983 -7008.8501066526
1984 -7008.8501604979
1985 -7008.8502069818
1986 -7008.8502475271
1987 -7008.8502832155
1988 -7008.8503150018
1989 -7008.8503434383
1990 -7008.8503691815
1991 -7008.8503926221
1992 -7008.8504139504
1993 -7008.8504336037
1994 -7008.8504517599
1995 -7008.8287435309
1996 -7008.8358194299
2001 -7008.8859073262
2002 -7008.8871843381
2003 -7008.88816713
2004 -7008.8889264424
2005 -7008.8895168272
2006 -7008.8899784977
2007 -7008.89033968
2008 -7008.890619449
2009 -7008.8908318338
2010 -7008.8909877449
2011 -7008.891097158
2012 -7008.8894104539
2013 -7008.8912117389
2014 -7008.8897241137
2015 -7008.8898356546
2016 -7008.8899266093
2017 -7008.8900017083
2018 -7008.8900645943
2019 -7008.8911640946
2020 -7008.8901638634
2021 -7008.8902036347
2022 -7008.8902387527
2023 -7008.8902697754
2024 -7008.8902975936
2025 -7008.8903227262
2026 -7008.8903455612
2027 -7008.8903664749
2028 -7008.8903856674
2029 -7008.8904034634
2030 -7008.8580363084
2031 -7008.8646095242
2032 -7008.8690191298
2037 -7008.9117692037
2038 -7008.9126980704
2039 -7008.9134154136
2040 -7008.9139735652
2041 -7008.9144110661
2042 -7008.9147550477
2043 -7008.915023891
2044 -7008.9152301129
2045 -7008.9153834855
2046 -7008.9154926793
2047 -7008.9155656472
2048 -7008.9140116711
2049 -7008.9141507487
2050 -7008.9142620274
2051 -7008.9143522761
2052 -7008.9144266152
2053 -7008.914488585
2054 -7008.9155702705
2055 -7008.9145858867
2056 -7008.9146247821
2057 -7008.9146589353
2058 -7008.9146891261
2059 -7008.9147161558
2060 -7008.9147405157
2061 -7008.9147627224
2062 -7008.9147829681
2063 -7008.91480159
2064 -7008.9148188583
2065 -7008.8757352548
2066 -7008.8822725695
2067 -7008.8865190735
2068 -7008.889335393
2069 -7008.8913307602
2070 -7008.8928861009
2073 -7008.9258926511
2074 -7008.9265567238
2075 -7008.9270733053
2076 -7008.9274792686
2077 -7008.9278005473
2078 -7008.9280542717
2081 -7008.928509232
2082 -7008.928583016
2083 -7008.9286288854
2084 -7008.927216495
2085 -7008.9273259293
2086 -7008.9274143324
2087 -7008.9274867897
2088 -7008.9275470567
2089 -7008.9275978687
2090 -7008.9276412813
2091 -7008.9276788331
2092 -7008.927711706
2093 -7008.9277407843
2094 -7008.927766778
2095 -7008.9277902085
2096 -7008.9278115243
2097 -7008.9278310121
2098 -7008.9278489442
2099 -7008.927865547
2100 -7008.8845502836
2101 -7008.8911380744
2102 -7008.8954615792
2103 -7008.898307217
2104 -7008.9002326509
2105 -7008.9015952576
2106 -7008.9025982294
2107 -7008.9033318434
2110 -7008.9035112717
2111 -7008.9034976142
2112 -7008.9035361944
2134 -7008.9328968533
2135 -7008.8868537135
2136 -7008.893428437
2137 -7008.8978185323
2138 -7008.900747714
2139 -7008.9027316311
2140 -7008.9041121532
2141 -7008.9050995344
2143 -7008.8997055079
2144 -7008.9001400218
2145 -7008.9055184597
2146 -7008.9054208564
2147 -7008.9053874215
2148 -7008.9053999935
2149 -7008.905444337
2150 -7008.9055094948
2151 -7008.9055872043
2152 -7008.9056713916
2153 -7008.9057577308
2154 -7008.9058432574
2155 -7008.9059260344
2156 -7008.9060048767
2157 -7008.9060791334
2158 -7008.9061485218
2159 -7008.9062130006
2160 -7008.906272687
2161 -7008.906327792
2162 -7008.9063785812
2163 -7008.9064253474
2164 -7008.9064683915
2165 -7008.9065080069
2166 -7008.9065444795
2167 -7008.9065780738
2168 -7008.9066090405
2169 -7008.906637603
2170 -7008.8848211161
2171 -7008.8912867326
2172 -7008.8956680059
2173 -7008.8986335078
2174 -7008.900660424
2175 -7008.9020709705
2176 -7008.9030711519
2184 -7008.9032748781
2185 -7008.9033391295
2186 -7008.9034159004
2187 -7008.9034991292
2188 -7008.9035845225
2189 -7008.9036691132
2190 -7008.9037509423
2191 -7008.9038288614
2192 -7008.9008208547
2193 -7008.9008816152
2194 -7008.9009359007
2195 -7008.900984463
2196 -7008.9010279976
2197 -7008.9010671278
2198 -7008.9011024008
2199 -7008.9011343193
2200 -7008.9011632981
2201 -7008.9011896921
2202 -7008.901213807
2203 -7008.9012358919
2204 -7008.9012561664
2205 -7008.7802593496
2210 -7008.8424950404
2211 -7008.8448212723
2212 -7008.8465813809
2213 -7008.8479082995
2214 -7008.8489053626
2215 -7008.8496511404
2216 -7008.8502053275
2217 -7008.850612398
2218 -7008.850906416
2219 -7008.8511132354
2220 -7008.8512529692
2221 -7008.8513416498
2222 -7008.8513919241
2223 -7008.851413744
2224 -7008.851414863
2225 -7008.8499262413
2226 -7008.8500204053
2227 -7008.8500968691
2228 -7008.851316146
2229 -7008.8502117391
2230 -7008.851246589
2231 -7008.8502933188
2232 -7008.8503259731
2233 -7008.8503546581
2234 -7008.8503801638
2235 -7008.8510906083
2236 -7008.8504238671
2237 -7008.8504428476
2238 -7008.8504603951
2239 -7008.8504766085
2240 -7008.8258654516
2241 -7008.8320126075
2245 -7008.8824519375
2246 -7008.8847591345
2247 -7008.8865077867
2248 -7008.8878284109
2249 -7008.8888224078
2250 -7008.8895675122
2251 -7008.8901226706
2252 -7008.8905320244
2253 -7008.8908290243
2254 -7008.891039167
2255 -7008.8911823537
2256 -7008.8912743956
2257 -7008.8913275677
2258 -7008.8913519698
2259 -7008.8913553101
2260 -7008.8913437775
2261 -7008.8913222278
2262 -7008.8900563229
2263 -7008.8912619074
2264 -7008.8901703339
2265 -7008.8911934389
2266 -7008.8911593796
2267 -7008.8902825788
2268 -7008.8903105307
2269 -7008.8903353411
2270 -7008.8903574963
2271 -7008.8903776387
2272 -7008.8903961167
2273 -7008.8904131066
2274 -7008.8904288404
2275 -7008.855747333
2276 -7008.8619897532
2277 -7008.8660867591
2278 -7008.8691099795
2281 -7008.9091803534
2282 -7008.9109117922
2283 -7008.9122206936
2284 -7008.9132072979
2285 -7008.9139483496
2286 -7008.914502009
2287 -7008.9149118418
2288 -7008.9152106223
2289 -7008.9154234373
2290 -7008.9155697093
2291 -7008.9156648186
2292 -7008.9157209586
2293 -7008.9157480157
2294 -7008.9157537799
2295 -7008.9157443379
2296 -7008.9157244343
2297 -7008.9156976525
2298 -7008.9156667062
2299 -7008.9145938857
2300 -7008.9146363179
2301 -7008.9155663236
2302 -7008.9155338218
2303 -7008.914730334
2304 -7008.9147542837
2305 -7008.9147757284
2306 -7008.9154208139
2307 -7008.9153973855
2308 -7008.9153758436
2309 -7008.9148444672
2310 -7008.8733913117
2311 -7008.8799532881
2312 -7008.8842209701
2313 -7008.8870963335
2314 -7008.8891879878
2315 -7008.8908499908
2317 -7008.9239592631
2318 -7008.9252499843
2319 -7008.9262239559
2330 -7008.928767176
2331 -7008.9287494096
2332 -7008.9287244933
2333 -7008.9286951494
2334 -7008.9286633847
2335 -7008.9286306929
2336 -7008.9277259303
2337 -7008.9277557311
2338 -7008.9277816819
2339 -7008.9278046169
2340 -7008.9278251126
2341 -7008.9278437112
2342 -7008.9284323397
2343 -7008.9284111167
2344 -7008.9283916459
2345 -7008.8816554811
2346 -7008.888574501
2347 -7008.8931534506
2348 -7008.8962273218
2349 -7008.8983663834
2350 -7008.8999171937
2351 -7008.9010633049
2354 -7008.9049946723
2355 -7008.9052131433
2356 -7008.903162168
2357 -7008.9033387185
2379 -7008.9334068679
2380 -7008.8830182958
2381 -7008.8902219573
2382 -7008.8950956903
2383 -7008.8984166239
2384 -7008.9007237571
2385 -7008.9023606873
2386 -7008.9035263585
2390 -7008.905090284
2391 -7008.9051680785
2392 -7008.9052472448
2393 -7008.9053338253
2394 -7008.9054269183
2395 -7008.9055237142
2396 -7008.9056213049
2397 -7008.9057172905
2398 -7008.9058099154
2399 -7008.9058980145
2400 -7008.9059809092
2401 -7008.906058283
2402 -7008.9061300821
2403 -7008.9061964373
2404 -7008.906257588
2405 -7008.9063138502
2406 -7008.9063655735
2407 -7008.906413116
2408 -7008.906456833
2409 -7008.9064970605
2410 -7008.906534111
2411 -7008.9065682714
2412 -7008.9065997971
2413 -7008.9066289211
2414 -7008.9017753859
2415 -7008.8778252574
2416 -7008.8857748365
2417 -7008.8913241498
2418 -7008.8952167311
2419 -7008.8979839546
2420 -7008.8999857756
2421 -7008.9012839701
2430 -7008.900235138
2431 -7008.9003508701
2432 -7008.9004567834
2433 -7008.9005531008
2434 -7008.9006401312
2435 -7008.9007183923
2436 -7008.9007885128
2437 -7008.9008512233
2438 -7008.9009072767
2439 -7008.9009574226
2440 -7008.9010023697
2441 -7008.9010428004
2442 -7008.9010792962
2443 -7008.901112373
2444 -7008.9011424699
2445 -7008.9011699802
2446 -7008.9011951982
2447 -7008.901218374
2448 -7008.9012397338
2449 -7008.9012594386
2450 -7008.7772713831
2451 -7008.7829910785
2453 -7008.8332797032
2454 -7008.8381024566
2455 -7008.8417420406
2456 -7008.844470224
2457 -7008.8465038879
2458 -7008.8480110433
2459 -7008.8491199977
2460 -7008.8499282586
2461 -7008.8505098458
2462 -7008.8509211594
2463 -7008.8512046168
2464 -7008.8513926353
2465 -7008.851509815
2466 -7008.8515747624
2467 -7008.8516017657
2468 -7008.8516017629
2469 -7008.8515829294
2470 -7008.8515515387
2471 -7008.8515121281
2472 -7008.851468216
2473 -7008.8514221629
2474 -7008.8513760749
2475 -7008.8513307753
2476 -7008.851287316
2477 -7008.8512463884
2478 -7008.8512078394
2479 -7008.8511722239
2480 -7008.8511394285
2481 -7008.8511092633
2482 -7008.8510817848
2483 -7008.8510567775
2484 -7008.8510339187
2485 -7008.8233835701
2486 -7008.8293045224
2487 -7008.8333076796
2489 -7008.8777777341
2490 -7008.8814580401
2491 -7008.8842239641
2492 -7008.8862908392
2493 -7008.8878263901
2494 -7008.8889592324
2495 -7008.8897874673
2496 -7008.8903858286
2497 -7008.8908107975
2498 -7008.8911056255
2499 -7008.8913028676
2500 -7008.8914275118
2501 -7008.8914985136
2502 -7008.8915305031
2503 -7008.8915343646
2504 -7008.8915187958
2505 -7008.8914899716
2506 -7008.8914526353
2507 -7008.8914103271
2508 -7008.8913656328
2509 -7008.8913205072
2510 -7008.8912759474
2511 -7008.8912330372
2512 -7008.8911922934
2513 -7008.8911541051
2514 -7008.8911186607
2515 -7008.8910859616
2516 -7008.8910559752
2517 -7008.8910284323
2518 -7008.8910034399
2519 -7008.8909806296
2520 -7008.8532571537
2521 -7008.8596349585
2522 -7008.863726234
2523 -7008.8666822324
2525 -7008.9056077008
2526 -7008.9084186798
2527 -7008.9105233967
2528 -7008.9120905023
2529 -7008.9132494541
2530 -7008.9140994495
2531 -7008.9147156804
2532 -7008.9151554521
2533 -7008.9154623477
2534 -7008.9156694678
2535 -7008.9158020771
2536 -7008.9158795484
2537 -7008.9159167394
2538 -7008.9159249985
2539 -7008.9159128565
2540 -7008.9158869318
2541 -7008.9158519846
2542 -7008.9158115526
2543 -7008.9157684099
2544 -7008.915724382
2545 -7008.9156808381
2546 -7008.9156385906
2547 -7008.9155984783
2548 -7008.9155606629
2549 -7008.9155254977
2550 -7008.9154930339
2551 -7008.9154631784
2552 -7008.9154358743
2553 -7008.9154110001
2554 -7008.9153883086
2555 -7008.8705046247
2556 -7008.8774474533
2557 -7008.8819464818
2558 -7008.8850040489
2559 -7008.8872832431
2561 -7008.9212212185
2562 -7008.9233671382
2563 -7008.9249679531
2564 -7008.9261548007
2577 -7008.9288363198
2578 -7008.9287950889
2580 -7008.9287103594
2581 -7008.9286692292
2582 -7008.9286299145
2583 -7008.9285928898
2584 -7008.928558318
2585 -7008.92852633
2586 -7008.9284969152
2587 -7008.9284700107
2588 -7008.9284454994
2589 -7008.928423151
2590 -7008.8777662994
2591 -7008.8853991017
2592 -7008.8905758966
2593 -7008.8941848859
2594 -7008.8968146251
2595 -7008.8982338995
2596 -7008.9059073665
2598 -7008.905364854
2599 -7008.9052734603
2600 -7008.9054185972
2601 -7008.9055286201
2625 -7008.8787511553
2626 -7008.8867948116
2627 -7008.8923540297
2628 -7008.8962620208
2629 -7008.8990850096
2630 -7008.9011824901
2631 -7008.9084143219
2635 -7008.9074617009
2636 -7008.9075143262
2637 -7008.9051527116
2638 -7008.9053111574
2639 -7008.9054491309
2640 -7008.9055732544
2641 -7008.9056866716
2642 -7008.9057909251
2643 -7008.9058868782
2644 -7008.9059751184
2645 -7008.9060561444
2646 -7008.906130421
2647 -7008.9061984144
2648 -7008.9062605968
2649 -7008.9063174366
2650 -7008.9063693999
2651 -7008.9064169409
2652 -7008.906460486
2653 -7008.9065004403
2654 -7008.9065371658
2655 -7008.9017062662
2656 -7008.9017291991
2657 -7008.9017503328
2658 -7008.9017698519
2659 -7008.9017879053
2660 -7008.8744301883
2661 -7008.8829386639
2662 -7008.8889358926
2663 -7008.8932123613
2664 -7008.8963177486
2665 -7008.898615861
2666 -7008.9003422437
2674 -7008.9000385561
2675 -7008.9002123757
2676 -7008.9003582024
2677 -7008.9004824816
2678 -7008.900589408
2679 -7008.9006819394
2680 -7008.9007623571
2681 -7008.9008324447
2682 -7008.900893748
2683 -7008.9009475519
2684 -7008.9009949696
2685 -7008.9010369867
2686 -7008.9010744281
2687 -7008.901108011
2688 -7008.9011383424
2689 -7008.901165894
2690 -7008.9011910781
2691 -7008.9012142048
2692 -7008.9012355204
2693 -7008.9012552198
2694 -7008.9012734685
2695 -7008.7761837832
2696 -7008.7816819202
2698 -7008.832029723
2699 -7008.8374819706
2700 -7008.8415395198
2701 -7008.8445385274
2702 -7008.8467410396
2703 -7008.8483467023
2704 -7008.8495063183
2705 -7008.8503333206
2706 -7008.8509129197
2707 -7008.8513093857
2708 -7008.8515704755
2709 -7008.851732407
2710 -7008.8518219337
2711 -7008.8518595407
2712 -7008.8518602507
2713 -7008.8518354279
2714 -7008.8517938055
2715 -7008.8517415326
2716 -7008.8516831893
2717 -7008.8516221832
2718 -7008.8515604911
2719 -7008.8515005301
2720 -7008.8514426156
2721 -7008.8513881576
2722 -7008.8513370039
2723 -7008.8512899177
2724 -7008.8512463433
2725 -7008.8512068079
2726 -7008.8511706488
2727 -7008.8511375791
2728 -7008.8511078014
2729 -7008.8510810143
2730 -7008.82216018
2731 -7008.8282054135
2732 -7008.8318157248
2734 -7008.8768698696
2735 -7008.8810363196
2736 -7008.8841264331
2737 -7008.8864029944
2738 -7008.8880680196
2739 -7008.8892749428
2740 -7008.8901393717
2741 -7008.8907484891
2742 -7008.8911681646
2743 -7008.8914475121
2744 -7008.8916237587
2745 -7008.891724475
2746 -7008.89177088
2747 -7008.8917785707
2748 -7008.8917593954
2749 -7008.8917223305
2750 -7008.8916736415
2751 -7008.8916181958
2752 -7008.8915595262
2753 -7008.8914999446
2754 -7008.8914413661
2755 -7008.8913848764
2756 -7008.8913311154
2757 -7008.8912808301
2758 -7008.8912341105
2759 -7008.8911910968
2760 -7008.8911516742
2761 -7008.8911156782
2762 -7008.8910830681
2763 -7008.8910534752
2764 -7008.891026711
2765 -7008.8517560202
2766 -7008.8584006488
2767 -7008.8624634713
2768 -7008.8652193836
2770 -7008.9049204623
2771 -7008.9081204569
2772 -7008.9104848943
2773 -7008.9122194893
2774 -7008.9134810796
2775 -7008.9143884879
2776 -7008.9150313966
2777 -7008.915477389
2778 -7008.9157772823
2779 -7008.9159694462
2780 -7008.9160827283
2781 -7008.9161388862
2782 -7008.9161543101
2783 -7008.9161413454
2784 -7008.9161090908
2785 -7008.9160644611
2786 -7008.9160124002
2787 -7008.9159563824
2788 -7008.9158989743
2789 -7008.9158420633
2790 -7008.9157869458
2791 -7008.915734311
2792 -7008.915684866
2793 -7008.9156388226
2794 -7008.9155962903
2795 -7008.9155572652
2796 -7008.9155216996
2797 -7008.9154893171
2798 -7008.9154599292
2799 -7008.9154333203
2800 -7008.868150299
2801 -7008.8755907702
2802 -7008.8804370871
2803 -7008.8837936761
2804 -7008.8858992222
2806 -7008.9206866604
2807 -7008.9231524617
2808 -7008.9249663635
2809 -7008.9262898875
2822 -7008.928977337
2823 -7008.9289224564
2824 -7008.9288676346
2825 -7008.9288141432
2826 -7008.9287629418
2827 -7008.9287145933
2828 -7008.928669464
2829 -7008.9286277253
2830 -7008.9285893549
2831 -7008.9285542935
2832 -7008.9285224109
2833 -7008.928493471
2834 -7008.9284672974
2835 -7008.8758808381
2836 -7008.8838006
2837 -7008.889109358
2838 -7008.8928064751
2839 -7008.8955396143
2840 -7008.8976699164
2841 -7008.9070197193
2843 -7008.9060422219
2844 -7008.9058641083
2845 -7008.9057870197
2870 -7008.8759767839
2871 -7008.8844232855
2872 -7008.8902632729
2873 -7008.8944079164
2874 -7008.8974591797
2875 -7008.8997803124
2876 -7008.9095577583
2879 -7008.9079893951
2880 -7008.907825865
2881 -7008.9077540553
2882 -7008.9077363513
2883 -7008.9077439605
2884 -7008.9077574656
2885 -7008.9077659593
2886 -7008.9057452121
2887 -7008.9058620467
2888 -7008.9059643227
2889 -7008.9060547474
2890 -7008.9061352747
2891 -7008.9062073709
2892 -7008.9062721719
2893 -7008.9063305889
2894 -7008.9063833808
2895 -7008.9064312069
2896 -7008.9064746421
2897 -7008.9065141976
2898 -7008.9016862251
2899 -7008.9017111531
2900 -7008.9017337583
2901 -7008.9017544137
2902 -7008.9017733898
2903 -7008.9017909269
2904 -7008.9018071506
2905 -7008.8703305704
2906 -7008.8794372789
2907 -7008.8859368417
2908 -7008.8906534607
2909 -7008.8941536465
2910 -7008.8968040001
2911 -7008.9073888878
2917 -7008.9021030674
2918 -7008.9021447985
2919 -7008.9021805895
2920 -7008.9022045297
2921 -7008.9002761356
2922 -7008.9004455823
2923 -7008.9005830833
2924 -7008.9006958212
2925 -7008.9007891353
2926 -7008.9008670412
2927 -7008.9009326028
2928 -7008.900988221
2929 -7008.9010357916
2930 -7008.9010768288
2931 -7008.9011125579
2932 -7008.9011439943
2933 -7008.901171936
2934 -7008.9011969999
2935 -7008.9012197225
2936 -7008.9012404683
2937 -7008.9012595462
2938 -7008.9012771626
2939 -7008.9012934777
2940 -7008.7765378765
2941 -7008.7826374437
2942 -7008.8234476066
2943 -7008.8314172634
2944 -7008.8373458657
2945 -7008.841703481
2946 -7008.8448821203
2947 -7008.8471840234
2948 -7008.8488368279
2949 -7008.8500102266
2950 -7008.8508305908
2951 -7008.8513913345
2952 -7008.8517617692
2953 -7008.8519933307
2954 -7008.852124289
2955 -7008.8521826394
2956 -7008.8521897312
2957 -7008.8521614899
2958 -7008.8521094665
2959 -7008.8520424785
2960 -7008.8519667505
2961 -7008.8518869739
2962 -7008.8518065038
2963 -7008.8517273443
2964 -7008.8516510551
2965 -7008.8515786924
2966 -7008.8515110045
2967 -7008.8514484196
2968 -7008.8513906725
2969 -7008.8513377334
2970 -7008.8512898757
2971 -7008.8512461455
2972 -7008.8512069359
2973 -7008.8511711951
2974 -7008.8511392059
2975 -7008.8218297704
2976 -7008.8285258035
2977 -7008.8321105876
2978 -7008.870392843
2979 -7008.8765062883
2980 -7008.8810254981
2981 -7008.8843366543
2982 -7008.8867443434
2983 -7008.8884803784
2984 -7008.8897188935
2985 -7008.8905898354
2986 -7008.8911899601
2987 -7008.8915909192
2988 -7008.8918462724
2989 -7008.8919955872
2990 -7008.8920683797
2991 -7008.8920868996
2992 -7008.8920676541
2993 -7008.8920227891
2994 -7008.891961627
2995 -7008.8918908597
2996 -7008.8918148856
2997 -7008.8917375859
2998 -7008.8916611604
2999 -7008.891587265
3000 -7008.8915167959
3001 -7008.8914505082
3002 -7008.8913891211
3003 -7008.8913321084
3004 -7008.8912801393
3005 -7008.8912327792
3006 -7008.8911895764
3007 -7008.8911504898
3008 -7008.8911152804
3009 -7008.89108347
3010 -7008.8498830853
3011 -7008.8574420732
3012 -7008.8618800588
3013 -7008.8647121849
3014 -7008.8999949775
3015 -7008.9047095918
3016 -7008.9081779756
3017 -7008.9107098055
3018 -7008.9125429691
3019 -7008.9138569598
3020 -7008.9147863529
3021 -7008.9154317193
3022 -7008.9158677733
3023 -7008.9161501137
3024 -7008.9163204178
3025 -7008.9164095061
3026 -7008.9164407266
3027 -7008.9164313623
3028 -7008.9163944907
3029 -7008.9163397931
3030 -7008.9162741815
3031 -7008.9162026446
3032 -7008.9161287304
3033 -7008.9160552284
3034 -7008.9159836448
3035 -7008.9159151791
3036 -7008.9158506288
3037 -7008.9157902808
3038 -7008.9157345147
3039 -7008.9156833146
3040 -7008.9156364399
3041 -7008.9155939286
3042 -7008.9155554046
3043 -7008.9155204844
3044 -7008.9154890344
3045 -7008.8666928818
3046 -7008.874750832
3047 -7008.8797184287
3048 -7008.8829091935
3049 -7008.8852717518
3051 -7008.920570115
3052 -7008.9232454959
3053 -7008.9251897801
3054 -7008.9265896262
3055 -7008.9275852505
3067 -7008.9291451
3068 -7008.9290747663
3069 -7008.9290057973
3070 -7008.928939525
3071 -7008.9288767173
3072 -7008.9288178825
3073 -7008.9287632915
3074 -7008.9287130445
3075 -7008.9286671098
3076 -7008.928625291
3077 -7008.9285873344
3078 -7008.9285529958
3079 -7008.9285219924
3080 -7008.873623937
3081 -7008.8821707352
3082 -7008.8876923875
3083 -7008.8913962251
3084 -7008.8941093557
3085 -7008.8962780417
3086 -7008.9084540004
3087 -7008.9065988454
3088 -7008.9065292973
3089 -7008.9064184992
3090 -7008.9063078249
3115 -7008.8729508795
3116 -7008.8819570402
3117 -7008.8880602412
3118 -7008.892340558
3119 -7008.8955215716
3120 -7008.8980100811
3121 -7008.9108965879
3123 -7008.9090847072
3124 -7008.9086013128
3125 -7008.9082905584
3126 -7008.9080989355
3127 -7008.9079863256
3128 -7008.907922357
3129 -7008.9078847221
3130 -7008.9078582174
3131 -7008.9078336707
3132 -7008.9078065009
3133 -7008.9077751856
3134 -7008.9077399412
3135 -7008.9061984347
3136 -7008.9062732587
3137 -7008.9063384346
3138 -7008.906395687
3139 -7008.9064463381
3140 -7008.90649143
3141 -7008.9065317919
3142 -7008.9065681186
3143 -7008.9066009845
3144 -7008.901740386
3145 -7008.9017612207
3146 -7008.901779972
3147 -7008.901797025
3148 -7008.9018126715
3149 -7008.9018271037
3150 -7008.8665063713
3151 -7008.875926212
3152 -7008.8827170099
3153 -7008.8877219816
3154 -7008.8915291642
3155 -7008.8945019691
3156 -7008.9085269793
3158 -7008.9068324377
3159 -7008.9063753959
3160 -7008.9060805206
3161 -7008.9058982239
3162 -7008.9057908276
3163 -7008.9057296125
3164 -7008.9056933367
3165 -7008.9056674581
3166 -7008.9056430609
3167 -7008.9056157271
3168 -7008.9055839849
3169 -7008.9022669538
3170 -7008.9022251301
3171 -7008.9021801695
3172 -7008.9021337535
3173 -7008.9020872665
3174 -7008.9010625688
3175 -7008.9011064877
3176 -7008.9011434265
3177 -7008.901174909
3178 -7008.90120204
3179 -7008.9012258023
3180 -7008.9012468731
3181 -7008.9012657863
3182 -7008.9012829736
3183 -7008.901298723
3184 -7008.9013132638
3185 -7008.7772535534
3186 -7008.7846832029
3187 -7008.8225635536
3188 -7008.831130592
3189 -7008.8374521557
3190 -7008.842048376
3191 -7008.84536044
3192 -7008.8477279722
3193 -7008.8494041801
3194 -7008.8505752187
3195 -7008.8513779512
3196 -7008.8519125983
3197 -7008.8522526462
3198 -7008.8524517081
3199 -7008.8525493712
3200 -7008.8525752159
3201 -7008.8525504918
3202 -7008.8524918125
3203 -7008.8524109067
3204 -7008.8523170263
3205 -7008.8522165717
3206 -7008.852113537
3207 -7008.8520118717
3208 -7008.8519137155
3209 -7008.8518195993
3210 -7008.8517315647
3211 -7008.851649607
3212 -7008.851573813
3213 -7008.8515042858
3214 -7008.8514411432
3215 -7008.8513834329
3216 -7008.8513315114
3217 -7008.8512847189
3218 -7008.8512425722
3219 -7008.8512043192
3220 -7008.8214599937
3221 -7008.8295107837
3222 -7008.8336739849
3223 -7008.8699251195
3224 -7008.8764637791
3225 -7008.8812536454
3226 -7008.8847245013
3227 -7008.8872181268
3228 -7008.8889927695
3229 -7008.8902401157
3230 -7008.8911019625
3231 -7008.8916822859
3232 -7008.8920575836
3233 -7008.8922840164
3234 -7008.892403139
3235 -7008.8924456448
3236 -7008.8924342589
3237 -7008.8923861059
3238 -7008.8923138397
3239 -7008.892226813
3240 -7008.8921318859
3241 -7008.8920339576
3242 -7008.891936336
3243 -7008.8918414041
3244 -7008.8917506112
3245 -7008.891665118
3246 -7008.8915850828
3247 -7008.8915110709
3248 -7008.8914429865
3249 -7008.8913805975
3250 -7008.891324062
3251 -7008.8912728778
3252 -7008.8912267191
3253 -7008.8911850324
3254 -7008.8911471715
3255 -7008.848757349
3256 -7008.857593659
3257 -7008.8625062979
3258 -7008.8649836663
3259 -7008.8998094735
3260 -7008.9048236668
3261 -7008.9084766782
3262 -7008.9111140665
3263 -7008.9130006802
3264 -7008.9143348327
3265 -7008.915263619
3266 -7008.915895609
3267 -7008.9163108202
3268 -7008.9165681109
3269 -7008.9167111847
3270 -7008.9167722701
3271 -7008.9167755371
3272 -7008.91673887
3273 -7008.9166759613
3274 -7008.9165964183
3275 -7008.9165078135
3276 -7008.9164150653
3277 -7008.9163217965
3278 -7008.9162304207
3279 -7008.9161426077
3280 -7008.9160594447
3281 -7008.9159815087
3282 -7008.915909292
3283 -7008.9158425316
3284 -7008.9157814801
3285 -7008.9157260645
3286 -7008.9156755454
3287 -7008.9156299636
3288 -7008.915588786
3289 -7008.9155516249
3290 -7008.8643795451
3291 -7008.8737672223
3292 -7008.879269845
3293 -7008.8823643635
3294 -7008.8842930805
3295 -7008.9169119893
3296 -7008.9207754078
3297 -7008.9235769102
3298 -7008.9255905817
3299 -7008.92702279
3300 -7008.9280270465
3301 -7008.9287170818
3302 -7008.9291769555
3311 -7008.9294223172
3312 -7008.929333549
3313 -7008.9292459682
3314 -7008.9291613449
3315 -7008.929080857
3316 -7008.9290051164
3317 -7008.9289345642
3318 -7008.9288694832
3319 -7008.9288097189
3320 -7008.9287551223
3321 -7008.9287056073
3322 -7008.9286607685
3323 -7008.9286202669
3324 -7008.9285836335
3325 -7008.8702212089
3326 -7008.8801173539
3327 -7008.8862174743
3328 -7008.889957007
3329 -7008.892478218
3330 -7008.8944992686
3331 -7008.8956314816
3332 -7008.9076106521
3333 -7008.9073523595
3334 -7008.9071775101
3335 -7008.9068447994
3360 -7008.8686158111
3361 -7008.8789119688
3362 -7008.8855927444
3363 -7008.8900032331
3364 -7008.8931669765
3365 -7008.8956929502
3366 -7008.8970739535
3368 -7008.9097776887
3369 -7008.9091379864
3370 -7008.9087167363
3371 -7008.9084413086
3372 -7008.9082620721
3373 -7008.9081443682
3374 -7008.9080639028
3375 -7008.9080040327
3376 -7008.907953975
3377 -7008.9079073965
3378 -7008.907861134
3379 -7008.907814096
3380 -7008.9077663567
3381 -7008.9077185254
3382 -7008.9076713495
3383 -7008.9076255054
3384 -7008.9075815252
3385 -7008.9075397781
3386 -7008.9075005001
3387 -7008.9074638158
3388 -7008.9066461769
3389 -7008.9066738431
3390 -7008.9023618937
3391 -7008.9023310039
3392 -7008.9023031474
3393 -7008.9022781324
3394 -7008.90225574
3395 -7008.8615493606
3396 -7008.8719723597
3397 -7008.8792084789
3398 -7008.8843910992
3399 -7008.8883400359
3400 -7008.8915293088
3401 -7008.9094953394
3403 -7008.9018385375
3404 -7008.9067601294
3405 -7008.9063957187
3406 -7008.9061619399
3407 -7008.9060127763
3408 -7008.9059162921
3409 -7008.9058504496
3410 -7008.9058004161
3411 -7008.905756775
3412 -7008.9057142224
3413 -7008.9056703337
3414 -7008.9056244709
3415 -7008.9055771157
3416 -7008.9055291229
3417 -7008.905481396
3418 -7008.9021846769
3419 -7008.9021307504
3420 -7008.9020791142
3421 -7008.9020302844
3422 -7008.9019846439
3423 -7008.9019423656
3424 -7008.9019034963
3425 -7008.9018680068
3426 -7008.9018358442
3427 -7008.9018068033
3428 -7008.9017806842
3429 -7008.9017572927
3430 -7008.7773839938
3431 -7008.7866636681
3432 -7008.8216328159
3433 -7008.8307937182
3434 -7008.8375271279
3435 -7008.8423759045
3436 -7008.8458298517
3437 -7008.8482676874
3438 -7008.8499696883
3439 -7008.8511396665
3440 -7008.8519260616
3441 -7008.8524353596
3442 -7008.8527457125
3443 -7008.8529131113
3444 -7008.852978621
3445 -7008.8529723534
3446 -7008.852916679
3447 -7008.8528281738
3448 -7008.8527188875
3449 -7008.8525981082
3450 -7008.8524726109
3451 -7008.8523465941
3452 -7008.8522236962
3453 -7008.8521057577
3454 -7008.8519943145
3455 -7008.8518897159
3456 -7008.8517927536
3457 -7008.8517039743
3458 -7008.8516222334
3459 -7008.8515480481
3460 -7008.8514805655
3461 -7008.8514197632
3462 -7008.8513652344
3463 -7008.851315778
3464 -7008.8512713429
3465 -7008.8203667424
3466 -7008.8303725127
3467 -7008.8356954938
3468 -7008.8695066964
3469 -7008.8764642319
3470 -7008.8815229728
3471 -7008.8851499134
3472 -7008.8877241992
3473 -7008.8895315914
3474 -7008.890782891
3475 -7008.8916314403
3476 -7008.8921887878
3477 -7008.8925360969
3478 -7008.8927322426
3479 -7008.89282023
3480 -7008.8928316408
3481 -7008.892790128
3482 -7008.8927128652
3483 -7008.8926130724
3484 -7008.8924999894
3485 -7008.8923807992
3486 -7008.8922605357
3487 -7008.892142244
3488 -7008.8920281979
3489 -7008.8919200945
3490 -7008.8918187438
3491 -7008.8917245932
3492 -7008.8916375124
3493 -7008.8915576479
3494 -7008.891484981
3495 -7008.8914189569
3496 -7008.8913591904
3497 -7008.8913051555
3498 -7008.8912567527
3499 -7008.8912127887
3500 -7008.8466910173
3501 -7008.8574878351
3502 -7008.8634972627
3503 -7008.8662453938
3504 -7008.8997786759
3505 -7008.9050668292
3506 -7008.9088823988
3507 -7008.9116050516
3508 -7008.9135275095
3509 -7008.9148671955
3510 -7008.915783453
3511 -7008.9163929552
3512 -7008.9167802475
3513 -7008.9170073427
3514 -7008.917119454
3515 -7008.9171499629
3516 -7008.9171233773
3517 -7008.9170582563
3518 -7008.9169680994
3519 -7008.9168631471
3520 -7008.9167507172
3521 -7008.9166358609
3522 -7008.9165224924
3523 -7008.9164126261
3524 -7008.9163079882
3525 -7008.9162096125
3526 -7008.9161179147
3527 -7008.9160329909
3528 -7008.9159549067
3529 -7008.915883676
3530 -7008.9158188885
3531 -7008.9157601685
3532 -7008.9157070592
3533 -7008.9156591479
3534 -7008.9156160728
3535 -7008.8608594045
3536 -7008.8723303166
3537 -7008.8789732177
3538 -7008.8823481325
3539 -7008.8838456967
3540 -7008.9171495276
3541 -7008.9211777762
3542 -7008.9240662284
3543 -7008.9261161939
3544 -7008.9275535496
3545 -7008.9285446083
3546 -7008.9292112469
3547 -7008.929642487
3548 -7008.9299034595
3549 -7008.9300418923
3550 -7008.9300928668
3551 -7008.9300825365
3552 -7008.9300301955
3553 -7008.929950469
3554 -7008.9298539077
3555 -7008.9297484037
3556 -7008.9296393679
3557 -7008.9295306953
3558 -7008.9294250596
3559 -7008.9293239197
3561 -7008.9291392122
3562 -7008.9290564029
3563 -7008.9289801876
3564 -7008.9289103346
3565 -7008.9288467571
3566 -7008.9287890839
3567 -7008.9287368323
3568 -7008.9286897536
3569 -7008.9286473056
3570 -7008.8652380504
3571 -7008.8773441662
3572 -7008.884637266
3573 -7008.8886976638
3574 -7008.8909263881
3575 -7008.8924701796
3577 -7008.928461107
3605 -7008.8622028423
3606 -7008.8748335004
3607 -7008.882763463
3608 -7008.887552827
3609 -7008.8905719305
3610 -7008.8928635503
3611 -7008.8944225207
3613 -7008.9101155273
3614 -7008.9093839159
3615 -7008.9089266928
3616 -7008.9086372828
3617 -7008.9084502787
3618 -7008.9083246775
3619 -7008.908234493
3620 -7008.9081633546
3621 -7008.9081013078
3622 -7008.9080427327
3623 -7008.9079849066
3624 -7008.9079269337
3625 -7008.9078689582
3626 -7008.9078115944
3627 -7008.9077555821
3628 -7008.9077015976
3629 -7008.9076501522
3630 -7008.9076015972
3631 -7008.9075561452
3632 -7008.9075138821
3633 -7008.9074748169
3634 -7008.9074388893
3635 -7008.9074059968
3636 -7008.9023888257
3637 -7008.902355708
3638 -7008.9023259631
3639 -7008.9022992943
3640 -7008.8538236153
3641 -7008.8666656354
3642 -7008.8751762656
3643 -7008.8807771941
3644 -7008.8847167742
3645 -7008.8878821651
3646 -7008.8901265637
3648 -7008.9073645371
3649 -7008.9067807285
3650 -7008.9064372531
3651 -7008.9062348233
3652 -7008.9061132518
3653 -7008.9060359171
3654 -7008.9059806048
3655 -7008.9059341633
3656 -7008.9058892019
3657 -7008.9058421768
3658 -7008.9057918705
3659 -7008.9057385706
3660 -7008.9056832326
3661 -7008.9056271206
3662 -7008.9055714272
3663 -7008.905517102
3664 -7008.9054648718
3665 -7008.9021847595
3666 -7008.9021274548
3667 -7008.9020737063
3668 -7008.9020237947
3669 -7008.901977821
3670 -7008.9019357734
3671 -7008.9018975468
3672 -7008.9018629936
3673 -7008.9018318548
3674 -7008.9018039314
3675 -7008.7765100293
3676 -7008.7878446904
3677 -7008.8203059993
3678 -7008.8301257716
3679 -7008.8373594115
3680 -7008.8425292182
3681 -7008.8461726296
3682 -7008.8487122165
3683 -7008.8504603949
3684 -7008.8516428655
3685 -7008.8524215221
3686 -7008.8529121956
3687 -7008.8531976834
3688 -7008.8533372024
3689 -7008.8533742886
3690 -7008.8533393279
3691 -7008.8532554529
3692 -7008.8531399522
3693 -7008.8530052045
3694 -7008.8528601256
3695 -7008.8527118396
3696 -7008.8525643965
3697 -7008.8524218504
3698 -7008.8522857411
3699 -7008.852158057
3700 -7008.8520381493
3701 -7008.8519275086
3702 -7008.8518257204
3703 -7008.8517330053
3704 -7008.8516483574
3705 -7008.8515717273
3706 -7008.8515025385
3707 -7008.8514401805
3708 -7008.851384202
3709 -7008.8513334879
3710 -7008.8183650791
3711 -7008.8306039804
3712 -7008.8374251414
3713 -7008.8688288514
3714 -7008.8762788107
3715 -7008.8816668009
3716 -7008.8854900391
3717 -7008.8881694125
3718 -7008.890024043
3719 -7008.8912871407
3720 -7008.8921268062
3721 -7008.8926638112
3722 -7008.8929845785
3723 -7008.8931517998
3724 -7008.8932102639
3725 -7008.8931925287
3726 -7008.8931227306
3727 -7008.8930185123
3728 -7008.892893173
3729 -7008.8927559685
3730 -7008.8926144371
3731 -7008.8924732866
3732 -7008.8923357681
3733 -7008.8922040407
3734 -7008.8920796763
3735 -7008.8919635711
3736 -7008.8918558717
3737 -7008.8917566023
3738 -7008.8916659196
3739 -7008.8915829863
3740 -7008.8915079139
3741 -7008.8914400075
3742 -7008.8913789028
3743 -7008.8913236063
3744 -7008.8912739639
3745 -7008.843705069
3746 -7008.8568873173
3747 -7008.8644554909
3748 -7008.8680003725
3749 -7008.8996490141
3750 -7008.9052580697
3751 -7008.9092649926
3752 -7008.9120871279
3753 -7008.9140501797
3754 -7008.9153947662
3755 -7008.9162959188
3756 -7008.9168794567
3757 -7008.9172359451
3758 -7008.9174305671
3759 -7008.9175103936
3760 -7008.9175097091
3761 -7008.9174536624
3762 -7008.9173607102
3763 -7008.9172446016
3764 -7008.9171153911
3765 -7008.9169803221
3766 -7008.9168448618
3767 -7008.916712317
3768 -7008.9165849165
3769 -7008.916464504
3770 -7008.916351562
3771 -7008.9162465644
3772 -7008.916149747
3773 -7008.916061014
3774 -7008.9159799312
3775 -7008.915906283
3776 -7008.9158395156
3777 -7008.9157792977
3778 -7008.9157250321
3779 -7008.9156762454
3780 -7008.8563800563
3781 -7008.8704318007
3782 -7008.8787272198
3783 -7008.8829019856
3784 -7008.8843949897
3785 -7008.9174344321
3786 -7008.9216407083
3787 -7008.9246159182
3788 -7008.926694046
3789 -7008.9281248893
3790 -7008.929090501
3791 -7008.9297225922
3792 -7008.9301158493
3793 -7008.9303387301
3794 -7008.9304405616
3795 -7008.9304572039
3796 -7008.9304150549
3797 -7008.9303333818
3798 -7008.9302264881
3799 -7008.9301049963
3800 -7008.9299764649
3801 -7008.9298465193
3802 -7008.9297186757
3803 -7008.9295955208
3804 -7008.929478566
3805 -7008.9293686986
3806 -7008.9292664565
3807 -7008.9291719003
3808 -7008.9290849998
3809 -7008.9290055092
3810 -7008.9289332297
3811 -7008.9288676716
3812 -7008.9288084415
3813 -7008.9287550167
3814 -7008.9287068689
3815 -7008.8591622919
3816 -7008.8741061063
3817 -7008.883171099
3818 -7008.8880393209
3819 -7008.8901937407
3820 -7008.8909103647
3821 -7008.9259467552
3822 -7008.9290886428
3823 -7008.9312916731
3824 -7008.932815734
3850 -7008.8543676688
3851 -7008.8701670176
3852 -7008.8800250509
3853 -7008.885656252
3854 -7008.8885945496
3855 -7008.8902464495
3856 -7008.8914684663
3858 -7008.9060534091
3859 -7008.905752276
3860 -7008.9055558867
3861 -7008.9054194737
3862 -7008.9084507257
3863 -7008.9083820829
3864 -7008.9083311869
3865 -7008.9082846821
3866 -7008.9082360848
3867 -7008.9081828939
3868 -7008.9081248721
3869 -7008.9080630023
3870 -7008.9079987724
3871 -7008.9079337601
3872 -7008.9078693829
3873 -7008.9078067706
3874 -7008.9077467634
3875 -7008.9076899252
3876 -7008.907636604
3877 -7008.9075869703
3878 -7008.9075410797
3879 -7008.9074988923
3880 -7008.9074602986
3881 -7008.9074251418
3882 -7008.9024146901
3883 -7008.9023796249
3884 -7008.9023481593
3885 -7008.8439543317
3886 -7008.8604775853
3887 -7008.8711644243
3888 -7008.8776805635
3889 -7008.8815711688
3893 -7008.9067470126
3894 -7008.9062629857
3895 -7008.9060661285
3896 -7008.9060052987
3897 -7008.9060011192
3898 -7008.9060130265
3899 -7008.9060214083
3900 -7008.9060178355
3901 -7008.9059998081
3902 -7008.9059679803
3903 -7008.9059245721
3904 -7008.9058723614
3905 -7008.9058142607
3906 -7008.9057528026
3907 -7008.9056902149
3908 -7008.905628155
3909 -7008.9055678295
3910 -7008.9055101045
3911 -7008.9054555592
3912 -7008.9021706961
3913 -7008.9021129813
3914 -7008.9020595353
3915 -7008.9020104809
3916 -7008.9019657011
3917 -7008.9019251177
3918 -7008.9018884731
3919 -7008.9018555423
3920 -7008.7749505827
3921 -7008.7881473399
3922 -7008.818674637
3923 -7008.8291461551
3924 -7008.8369328172
3925 -7008.8424715304
3926 -7008.8463417969
3927 -7008.8490098498
3928 -7008.8508236848
3929 -7008.852032647
3930 -7008.8528146238
3931 -7008.8532948935
3932 -7008.8535626227
3933 -7008.8536810301
3934 -7008.8536948325
3935 -7008.8536371047
3936 -7008.85353098
3937 -7008.8533939673
3938 -7008.8532385257
3939 -7008.8530739917
3940 -7008.8529070949
3941 -7008.8527432668
3942 -7008.8525845347
3943 -7008.8524340674
3944 -7008.8522925369
3945 -7008.8521604169
3946 -7008.8520381851
3947 -7008.8519261287
3948 -7008.8518237398
3949 -7008.8517307724
3950 -7008.8516462077
3951 -7008.8515701271
3952 -7008.8515014198
3953 -7008.8514397679
3954 -7008.851384574
3955 -7008.815907176
3956 -7008.8302053541
3957 -7008.8384944901
3958 -7008.8678767513
3959 -7008.8758671409
3960 -7008.8816295162
3961 -7008.8856831129
3962 -7008.8884912755
3963 -7008.8904088055
3964 -7008.8916944919
3965 -7008.8925327697
3966 -7008.8930552423
3967 -7008.8933548988
3968 -7008.893497836
3969 -7008.8935312963
3970 -7008.8934891254
3971 -7008.8933959447
3972 -7008.8932695326
3973 -7008.8931231845
3974 -7008.8929664627
3975 -7008.8928065884
3976 -7008.8926483534
3977 -7008.8924949473
3978 -7008.8923489563
3979 -7008.8922114987
3980 -7008.8920831716
3981 -7008.8919644505
3982 -7008.8918551893
3983 -7008.8917550656
3984 -7008.8916637875
3985 -7008.8915811857
3986 -7008.8915066592
3987 -7008.8914392619
3988 -7008.8913785138
3989 -7008.8913241282
3990 -7008.8402340365
3991 -7008.8556933582
3992 -7008.8648648395
3993 -7008.8694107763
3994 -7008.8993386964
3995 -7008.9053096286
3996 -7008.9095373227
3997 -7008.9124774667
3998 -7008.9144917699
3999 -7008.915847495
4000 -7008.9167369522
4001 -7008.9172969499
4002 -7008.9176247535
4003 -7008.9177892106
4004 -7008.9178395735
4005 -7008.9178111026
4006 -7008.9177290657
4007 -7008.9176122111
4008 -7008.9174740826
4009 -7008.9173244399
4010 -7008.9171707189
4011 -7008.9170178997
4012 -7008.9168695959
4013 -7008.9167278004
4014 -7008.9165940688
4015 -7008.9164692483
4016 -7008.9163531877
4017 -7008.9162464647
4018 -7008.91614866
4019 -7008.9160594302
4020 -7008.9159783005
4021 -7008.9159051223
4022 -7008.9158388653
4023 -7008.9157791809
4024 -7008.9157254853
4025 -7008.8517700598
4026 -7008.8683645176
4027 -7008.8784192824
4028 -7008.8836397259
4029 -7008.8855613061
4030 -7008.917635921
4031 -7008.9220424252
4032 -7008.9251157181
4033 -7008.9272258143
4034 -7008.9286497037
4035 -7008.9295878621
4036 -7008.9301830851
4037 -7008.9305367341
4038 -7008.9307207066
4039 -7008.9307862478
4040 -7008.9307698997
4041 -7008.9306979947
4042 -7008.9305895499
4043 -7008.930458672
4044 -7008.9303154507
4045 -7008.9301673102
4046 -7008.9300194682
4047 -7008.9298754409
4048 -7008.9297376429
4049 -7008.9296073904
4050 -7008.9294855585
4051 -7008.9293723068
4052 -7008.9292678985
4053 -7008.9291719505
4054 -7008.929084348
4055 -7008.9290047485
4056 -7008.9289326365
4057 -7008.9288674508
4058 -7008.9288086412
4059 -7008.9287557351
4060 -7008.8531917012
4061 -7008.8710023987
4062 -7008.8820133525
4063 -7008.8880197095
4064 -7008.8905580325
4065 -7008.8909855229
4066 -7008.926502814
4067 -7008.9297192876
4068 -7008.931931645
4069 -7008.9334279384
4070 -7008.9344174094
4071 -7008.935049393
4095 -7008.84687372
4096 -7008.8659513742
4097 -7008.8779825909
4098 -7008.8848376981
4099 -7008.8881159843
4100 -7008.8892376164
4102 -7008.9062517699
4103 -7008.9056674177
4104 -7008.9054274038
4105 -7008.9053419613
4106 -7008.9053140331
4107 -7008.9052985334
4108 -7008.905276476
4109 -7008.9052412062
4110 -7008.9051918906
4111 -7008.9083292853
4112 -7008.9083006866
4113 -7008.9082560624
4114 -7008.9081997283
4115 -7008.9081356313
4116 -7008.9080671393
4117 -7008.9079969525
4118 -7008.9079271302
4119 -7008.9078591611
4120 -7008.9077940642
4121 -7008.9077324957
4122 -7008.9076748545
4123 -7008.9076213297
4124 -7008.907571975
4125 -7008.9075267386
4126 -7008.907485483
4127 -7008.9074480287
4128 -7008.9024287407
4129 -7008.9023928692
4130 -7008.8346800558
4131 -7008.8551020822
4132 -7008.8682653053
4133 -7008.8761106864
4134 -7008.8802949534
4138 -7008.9053770482
4139 -7008.9051541214
4140 -7008.9052562582
4141 -7008.9054591338
4142 -7008.9056645101
4143 -7008.9058336253
4144 -7008.905955353
4145 -7008.906030754
4146 -7008.9060658638
4147 -7008.9060682169
4148 -7008.9060452446
4149 -7008.9060037057
4150 -7008.905949421
4151 -7008.9058870897
4152 -7008.9058204413
4153 -7008.9057523285
4154 -7008.9056847709
4155 -7008.9056191508
4156 -7008.9055564727
4157 -7008.9054973154
4158 -7008.902193088
4159 -7008.9021332421
4160 -7008.9020780382
4161 -7008.9020274784
4162 -7008.9019814909
4163 -7008.9019398708
4164 -7008.9019023801
4165 -7008.7735279137
4166 -7008.788003708
4168 -7008.8282217775
4169 -7008.8364647738
4170 -7008.8423146917
4171 -7008.8463804847
4172 -7008.8491636141
4173 -7008.8510389853
4174 -7008.8522762289
4175 -7008.8530660163
4176 -7008.8535424498
4177 -7008.8537999782
4178 -7008.8539050983
4179 -7008.8539046177
4180 -7008.8538317616
4181 -7008.8537111894
4182 -7008.8535599799
4183 -7008.8533911935
4184 -7008.8532142338
4185 -7008.8530358506
4186 -7008.8528601039
4187 -7008.8526917673
4188 -7008.8525314074
4189 -7008.8523809214
4190 -7008.8522412013
4191 -7008.8521116729
4192 -7008.8519925644
4193 -7008.8518841889
4194 -7008.8517852986
4195 -7008.8516955276
4196 -7008.8516146112
4197 -7008.8515422518
4198 -7008.8514768989
4199 -7008.8514180749
4200 -7008.8139067126
4201 -7008.8296355185
4202 -7008.838979706
4203 -7008.8669847374
4204 -7008.8754217559
4205 -7008.8814995191
4206 -7008.8857509717
4207 -7008.8886727741
4208 -7008.8906485967
4209 -7008.891957949
4210 -7008.8927998488
4211 -7008.8933144867
4212 -7008.8936003164
4213 -7008.8937270077
4214 -7008.8937436678
4215 -7008.8936850131
4216 -7008.893575944
4217 -7008.8934347762
4218 -7008.8932746304
4219 -7008.8931050617
4220 -7008.8929330589
4221 -7008.8927638675
4222 -7008.8926004983
4223 -7008.8924448844
4224 -7008.8922986292
4225 -7008.8921622958
4226 -7008.892035922
4227 -7008.8919201681
4228 -7008.891813817
4229 -7008.891717267
4230 -7008.8916296836
4231 -7008.8915505657
4232 -7008.8914790692
4233 -7008.8914147943
4234 -7008.8913568711
4235 -7008.8375811464
4236 -7008.8546428956
4237 -7008.8649817819
4238 -7008.8703056469
4239 -7008.8989873367
4240 -7008.905263698
4241 -7008.9096804358
4242 -7008.9127241449
4243 -7008.914785808
4244 -7008.9161547459
4245 -7008.9170380426
4246 -7008.9175819095
4247 -7008.9178891333
4248 -7008.9180318095
4249 -7008.9180610624
4250 -7008.9180128645
4251 -7008.9179127455
4252 -7008.9177795115
4253 -7008.9176262631
4254 -7008.9174630641
4255 -7008.9172967804
4256 -7008.9171326553
4257 -7008.9169737571
4258 -7008.9168225015
4259 -7008.9166800194
4260 -7008.9165472687
4261 -7008.916424148
4262 -7008.9163105718
4263 -7008.9162067964
4264 -7008.9161121266
4265 -7008.9160261411
4266 -7008.9159483236
4267 -7008.9158781035
4268 -7008.9158148765
4269 -7008.9157581232
4270 -7008.8482062214
4271 -7008.8666797631
4272 -7008.8780801498
4273 -7008.8842010538
4274 -7008.8865736565
4275 -7008.9177270223
4276 -7008.9223045126
4277 -7008.9254634861
4278 -7008.927603368
4279 -7008.9290242239
4280 -7008.9299418684
4281 -7008.9305087317
4282 -7008.9308318109
4283 -7008.9309860755
4284 -7008.9310242188
4285 -7008.9309832948
4286 -7008.9308896493
4287 -7008.9307621847
4288 -7008.9306143987
4289 -7008.9304561998
4290 -7008.9302946708
4291 -7008.9301347996
4292 -7008.9299799043
4293 -7008.9298323161
4294 -7008.9296931683
4295 -7008.9295631774
4296 -7008.9294426527
4297 -7008.9293316055
4298 -7008.9292297031
4299 -7008.9291367242
4300 -7008.9290521674
4301 -7008.9289756326
4302 -7008.9289063935
4303 -7008.9288441126
4304 -7008.9287879528
4305 -7008.8487970512
4306 -7008.86872646
4307 -7008.881233352
4308 -7008.8882031563
4309 -7008.891227146
4310 -7008.8917216443
4311 -7008.9269099507
4312 -7008.9301898968
4313 -7008.932410938
4314 -7008.9338846799
4315 -7008.9348364875
4316 -7008.9354256091
4317 -7008.935763578
4318 -7008.9359283246
4319 -7008.9359743876
4320 -7008.935939995
4340 -7008.8415134498
4341 -7008.8630264301
4342 -7008.876749439
4343 -7008.8846751759
4344 -7008.8884818221
4345 -7008.8896210132
4347 -7008.9293371517
4348 -7008.931648989
4375 -7008.8283202892
4376 -7008.8515547964
4377 -7008.8666307371
4378 -7008.8756614031
4379 -7008.88040752
4383 -7008.9033231624
4384 -7008.8968198619
4385 -7008.8969268435
4386 -7008.8970701217
4387 -7008.8971879766
4388 -7008.897263918
4389 -7008.9058246113
4390 -7008.9059959805
4391 -7008.9060958704
4392 -7008.9061406307
4393 -7008.906144157
4394 -7008.9061178621
4395 -7008.9060709318
4396 -7008.9060104875
4397 -7008.9059420667
4398 -7008.9058696584
4399 -7008.9057963088
4400 -7008.9057239905
4401 -7008.9056541274
4402 -7008.905587709
4403 -7008.9055252731
4404 -7008.9021842871
4405 -7008.9021249303
4406 -7008.9020704448
4407 -7008.9020207222
4408 -7008.9019756477
4409 -7008.9019349959
