13 -7008.6969859462
14 -7008.6963131269
15 -7008.6951128136
187 -7008.8570892708
188 -7008.8511738284
189 -7008.9052225926
219 -7008.871750749
220 -7008.867071079
221 -7008.8615949664
222 -7008.8992026359
223 -7008.9003542653
224 -7008.9011696964
225 -7008.8877731021
226 -7008.886997776
227 -7008.8864606721
228 -7008.8860939013
229 -7008.8858487763
230 -7008.8856895208
231 -7008.8855907963
232 -7008.8855339095
233 -7008.8855055323
234 -7008.8854963397
235 -7008.8854994108
236 -7008.8855105496
237 -7008.8855265677
238 -7008.8855453955
239 -7008.9052346999
240 -7008.9051979408
241 -7008.9051639144
242 -7008.9051326679
243 -7008.9051041835
244 -7008.9050784138
431 -7008.8611007118
432 -7008.855375115
433 -7008.9088369956
434 -7008.9055346153
435 -7008.9048547352
436 -7008.9044005009
437 -7008.9041141545
438 -7008.9039532978
439 -7008.9038833992
440 -7008.9038725601
441 -7008.9038916649
442 -7008.9027565422
443 -7008.9028342052
444 -7008.9028984969
445 -7008.9029536024
446 -7008.9030019888
447 -7008.9030451447
448 -7008.9030839742
449 -7008.9031193166
450 -7008.9031514961
451 -7008.9031809956
452 -7008.9032081457
453 -7008.9032332146
454 -7008.9032563528
464 -7008.8696738603
465 -7008.8649384941
466 -7008.8594526721
467 -7008.8992296263
468 -7008.9003685271
469 -7008.906161176
470 -7008.9059891793
471 -7008.9058755921
472 -7008.8961997982
473 -7008.8960491829
474 -7008.8959885191
475 -7008.8959867304
476 -7008.8960139265
477 -7008.8948710875
478 -7008.894952139
479 -7008.8950189086
480 -7008.8950756974
481 -7008.9053352174
482 -7008.9052939963
483 -7008.9052549806
484 -7008.9052183721
485 -7008.90518428
486 -7008.9051528044
487 -7008.9051238666
488 -7008.9050974691
489 -7008.9050734624
647 -7008.9059662122
648 -7008.9058220413
676 -7008.8561709334
677 -7008.8505232948
678 -7008.909348777
679 -7008.9052920722
680 -7008.9046486247
681 -7008.904241122
682 -7008.904012842
683 -7008.9039162231
684 -7008.9039028595
685 -7008.902589606
686 -7008.9026624998
687 -7008.9027246221
688 -7008.9027810846
689 -7008.9028338131
690 -7008.9028835138
691 -7008.902930323
692 -7008.9029742344
693 -7008.9030153642
694 -7008.9030537664
695 -7008.9030895873
696 -7008.9031229295
697 -7008.9031539266
698 -7008.9031827378
699 -7008.9032094831
889 -7008.9067444434
890 -7008.9062750636
891 -7008.9059871861
920 -7008.8541881709
921 -7008.8489002958
954 -7008.8549204853
955 -7008.8499438715
1130 -7008.9100840363
1133 -7008.9066334333
1134 -7008.9061810132
1135 -7008.9059334516
1165 -7008.8457929647
1198 -7008.8489967868
1199 -7008.8445698216
1409 -7008.8433232952
1443 -7008.8404406291
1444 -7008.8357067104
1478 -7008.7455688285
1513 -7008.7928498718
1548 -7008.8225711611
1653 -7008.8434140133
1687 -7008.8416327179
1688 -7008.8369218456
1721 -7008.7510278046
1756 -7008.8300057766
1757 -7008.7938957425
1792 -7008.8233317573
1827 -7008.8396122966
1863 -7008.8412717798
1864 -7008.7715307728
1898 -7008.8403257594
1932 -7008.8393608173
1964 -7008.790653687
1965 -7008.7536752539
2000 -7008.800071163
2035 -7008.8295051534
2036 -7008.8254237507
2071 -7008.8640237073
2072 -7008.8372127747
2108 -7008.7678493845
2109 -7008.7682332264
2142 -7008.843068009
2177 -7008.8374394059
2178 -7008.7620572558
2179 -7008.7622223767
2180 -7008.7618379101
2181 -7008.761026337
2182 -7008.7598939214
2183 -7008.7585303572
2208 -7008.7606270769
2209 -7008.7577211423
2243 -7008.8063181341
2244 -7008.8034636464
2279 -7008.8572567877
2280 -7008.8286313233
2316 -7008.8576485009
2352 -7008.8566482622
2353 -7008.7673634453
2387 -7008.766405436
2388 -7008.7675244459
2389 -7008.7678187424
2422 -7008.7611328544
2423 -7008.7621591269
2424 -7008.7624148634
2425 -7008.7620739158
2426 -7008.761281387
2427 -7008.7601566676
2428 -7008.7587964167
2429 -7008.7572772763
2452 -7008.7639825769
2488 -7008.8064987725
2524 -7008.8315240918
2597 -7008.8568813673
2632 -7008.8317985831
2633 -7008.7701845311
2634 -7008.770001243
2667 -7008.8249697533
2668 -7008.7645335826
2669 -7008.7643926287
2670 -7008.7637359803
2671 -7008.7626939208
2672 -7008.7613726872
2673 -7008.7598577365
2697 -7008.7639179847
2733 -7008.8056293829
2769 -7008.8300513595
2821 -7008.613043768
2842 -7008.8386079659
2877 -7008.8606341203
2878 -7008.8522277043
2912 -7008.829366762
2913 -7008.8472678894
2914 -7008.7676392714
2915 -7008.7664405769
2916 -7008.7649623852
3050 -7008.8398982164
3122 -7008.8654964662
3157 -7008.8363678801
3367 -7008.8487059152
3402 -7008.8431073637
3576 -7008.8584025351
3578 -7008.9082873715
3579 -7008.9076189743
3612 -7008.8537932708
3647 -7008.8484309132
3857 -7008.857581958
3890 -7008.8610971784
3891 -7008.857125947
3892 -7008.8521594054
4101 -7008.8647493572
4135 -7008.8621947529
4136 -7008.8591495025
4137 -7008.8546205299
4346 -7008.8658597363
4349 -7008.9044974274
4350 -7008.9046985275
4351 -7008.9049027475
4352 -7008.9050614738
4353 -7008.9051648163
4354 -7008.9052172466
4355 -7008.9052274876
4356 -7008.9052047959
4357 -7008.9051575442
4358 -7008.9050928206
4359 -7008.9050165592
4360 -7008.9082600182
4361 -7008.9081915691
4362 -7008.9081182504
4363 -7008.9080432538
4364 -7008.9079688759
4365 -7008.9078966917
4366 -7008.9078277628
4367 -7008.9077627573
4368 -7008.9077020558
4369 -7008.9076458441
4370 -7008.9075941548
4371 -7008.9075469099
4372 -7008.9075039464
4373 -7008.9024630892
4374 -7008.9024241742
4380 -7008.862812402
4381 -7008.8603885709
4382 -7008.8560676228
